3.1415927
1.93653
1.1599962
-2.0574372
-1.2097378
-0.5823552
-1.3680893
-0.42134494
-1.787005
-1.7372527
0.2197592
3.0131726
-2.465183
-2.4767592
2.2292805
-1.3968636
2.417946
0.8368592
1.5374104
1.3560122
2.1295388
-0.6562069
-1.155886
1.4441776
-1.6573132
-1.9183692
-2.8706348
0.63369966
-2.8765495
1.1338396
0.70507115
2.597317
1.1224915
-1.733957
0.59458864
1.027687
0.5697211
3.059181
0.7240291
1.4148638
-2.8541086
-2.3119195
2.736983
3.1281476
-1.4312513
0.17696458
-1.5430937
-2.6272948
2.8198497
0.06425964
-1.7016033
0.6189964
-2.6188464
-2.4889927
2.1616516
-1.3284568
-2.3039122
-0.6567961
1.2599394
-0.35388327
-0.8832117
-0.82562953
-1.6258737
0.4714966
-0.90340555
-1.3199532
-0.7004863
-0.12696517
-1.5853572
-1.471311
0.21363968
-3.0803251
-0.2435409
-0.25760552
-0.4100711
-1.9653782
1.6958265
-1.9744893
-1.8638213
0.5588008
2.3217578
-1.0977491
-0.8436667
0.7606314
-2.940409
0.5624131
1.3255218
-0.57971925
-0.26028574
0.66873324
0.14616078
1.5801592
1.3112807
1.963796
1.4071623
1.1181101
2.0002916
3.077794
1.5322175
2.2072093
0.47366196
1.4060645
1.8182385
2.375757
2.9227982
2.2340455
-2.5368009
2.1225457
1.9453558
-2.420405
0.52599096
1.840552
-2.3318524
-2.6360161
0.73373646
-2.5544329
-2.8486123
1.1967779
-2.9190295
-2.548163
3.1007957
-2.1122074
-1.1991796
1.4330915
-1.804609
-1.2494833
-0.87947
0.39801922
-1.1151671
0.3439791
-0.4796223
-2.3096483
-0.2876042
-0.84574014
-1.4495451
0.043866217
-1.0950797
-1.7175794
0.26256812
0.073647805
-1.962525
-0.5101912
-0.050712503
-1.5064166
-0.48080373
0.32547122
-3.1054568
0.15705268
0.8740011
-0.069364786
0.069274865
0.73709255
2.0113764
0.26066485
0.5331748
1.1953331
-2.2580512
1.2773758
2.5427227
2.4669821
1.5175629
1.4463534
2.6561713
0.9044686
3.0355673
-2.7690294
0.69736826
1.5962594
2.7734907
-1.9612943
2.8469627
-2.7171843
-2.7123315
-0.4937446
2.6940048
-2.4738646
1.9007102
-2.7920768
-1.9650205
2.643815
2.8127942
-2.202259
-0.7737052
2.2170625
-2.075492
-1.8658446
-2.8047595
-1.878437
-1.151406
1.6255689
-1.8665947
-1.0051394
0.2520343
-2.1694353
-0.7704807
1.0861021
-2.326839
-1.3367159
-0.4907532
-0.9576568
-0.7365203
0.6625084
1.8142606
-0.78662103
-0.057081148
-0.23340692
-0.86534417
0.40562004
0.7375761
-1.0462466
0.047582753
0.8872302
-1.3120816
-0.11063988
1.2035964
-2.1483638
0.45086667
1.1027452
2.536319
0.22817703
1.1388452
2.0365968
1.1062355
1.1452341
2.791072
-2.50058
0.69032365
2.052095
2.702626
0.99197686
2.6954234
-2.6207209
0.5950794
2.148501
-2.256071
-2.9142392
3.1226807
-2.3151064
-1.2173666
1.4231822
-2.913599
-1.9708272
2.8158755
-2.156915
-1.1450855
1.2556723
-2.8754177
-1.6714474
-0.748405
-2.1504545
-1.716558
-0.09367383
3.119212
-1.6560187
-0.03031645
2.7783327
-2.0468411
-0.56463945
3.035035
-1.747862
-0.5561409
1.081793
-1.7373263
-0.5147846
0.22385187
-0.9216614
-0.11398857
1.256057
-2.0927348
-1.0900366
0.46794927
0.7145501
0.03854316
0.6295435
2.0547533
-1.4275407
0.9564061
1.1694225
0.37179896
1.1819985
2.460404
-1.7336626
0.9848579
1.4743714
2.7261136
0.7798003
1.3182302
3.114525
0.31570128
2.046706
3.0435011
1.7504537
1.3692069
-3.0945663
2.8011394
1.6068218
-3.024077
-1.8999213
0.9819373
2.8132446
-2.4057035
1.2457914
-2.751375
-2.113014
0.6308548
2.6502342
-2.542328
-0.92305803
-2.7901466
-1.8965541
-0.3119151
2.6386695
-2.611491
-1.2278394
-0.35506913
-1.7522104
-1.3473288
0.8184049
-2.6261723
-1.2265123
0.015063342
-2.3288836
-1.071573
0.19923264
-2.21715
-1.3395889
0.15714219
0.92566967
-0.9631376
-0.16770226
-0.38723043
-1.378828
0.35333025
1.8168391
-1.8958393
-0.1667408
0.9435138
-1.021458
0.2830887
1.4916531
-3.1323493
-0.6806321
0.94766784
2.073547
0.11609857
1.7077417
-2.970516
-0.7771465
0.76987237
2.014324
2.8214288
1.1717275
2.5261123
-1.4853629
0.896498
2.0662863
-2.590899
0.3479777
2.7401333
-2.4593947
1.6497601
1.959317
-2.7691941
-0.95384884
1.4496866
-2.9722645
0.2610065
2.0484428
-2.4790459
-1.3842742
0.9189208
2.922988
-1.7514546
-2.3885746
-2.7142801
-1.3732042
0.6166153
-2.9772425
-1.9192942
-0.392072
-2.4788754
-1.2589918
0.12391996
2.112577
-2.2822363
-0.6102495
0.45195124
-1.7518225
0.0004763153
1.0986989
-2.0662405
-0.47642183
0.5335299
-3.004116
0.01752647
0.8947218
-2.1354268
-0.8385015
0.5481832
2.434098
-1.5246179
0.5776293
1.7520828
-0.8228515
0.7359353
2.401056
-2.1719856
0.22837558
1.1523582
-0.84419256
0.46232346
2.187064
-2.6706297
-0.30775473
1.3354287
2.7700531
1.266654
1.8152177
-2.7657375
-0.8388644
1.4611783
2.7001815
-1.883416
1.5479906
-2.9374459
-1.6640117
0.8693359
2.343516
-2.2970126
0.667395
2.5314672
-2.3554242
0.52165633
2.7410688
-2.1326838
-0.6054505
1.7815217
-2.1571426
-1.0828394
2.2331998
-2.3058648
-1.0063883
1.5739098
-2.7648382
-1.6072338
0.46727133
-1.8135474
-0.87839365
0.6772607
2.7063627
-1.6080132
0.1536736
-2.9817379
-1.0606647
0.8114854
2.0393176
-1.802823
-0.058276758
1.1785511
-1.5507851
0.5047562
1.392173
-2.0212076
-0.2006897
1.2590523
-3.0359187
0.076554015
1.4586265
-2.3805668
-0.593605
1.0154705
2.8564723
-1.3732316
0.34737736
2.3821235
-0.7102725
1.0451533
3.0194705
-1.8471595
0.19965613
2.181045
-2.152685
1.2977185
2.5332658
-2.2522302
-0.15139224
1.1834496
-2.955751
-0.022525897
2.1001763
-2.149141
-0.23391373
1.2872807
3.1280756
-1.9839264
1.0203036
-2.8146744
-1.0400985
1.0032473
-3.0555685
-1.440096
-0.047137376
-2.8725278
-1.6934448
0.3569193
2.9407637
-1.8317866
-0.24285586
1.6018938
-2.2303462
0.033984613
2.2841048
-1.7960953
-0.17115772
1.3723111
-2.7392633
-1.4237916
0.72210985
-2.5005996
-0.25709134
1.3068196
-3.0199873
-1.4874252
0.72926575
-2.9830577
-0.8105975
0.91925204
2.5116117
-1.5146569
0.091431305
1.786506
-2.5441957
0.62579733
2.4610372
-1.7531568
0.10836589
1.516307
-2.3225253
-0.20937166
1.383454
-2.1187606
-0.21159312
1.3917986
-3.10839
-1.4153304
0.8792961
-2.8011334
-0.66570306
1.5886877
-3.0723171
-1.519379
0.25016394
2.3595324
-2.5843666
1.147643
2.7326548
-1.6814783
0.08395977
2.0440528
-2.757048
-0.23408149
2.384933
-1.6772121
-0.13037987
1.3550159
-2.6869683
-0.9808718
1.2618535
-2.4507031
-0.4540594
0.9467208
-2.8450608
-1.4239233
0.2775714
2.628087
-1.17233
1.2321552
-2.9375126
-1.4243135
0.2971886
2.2355983
-2.0945716
-0.09627775
2.7383466
-1.7842207
0.13789606
1.9896919
-2.7058003
-0.7891009
1.6144867
-2.156094
-0.09231389
1.6533955
-2.8712351
-1.0959753
0.73894095
2.945436
-0.740966
1.3588567
-3.056125
-1.2939386
0.45707554
2.2716274
-1.8972124
0.634195
2.8869882
-1.4895633
0.25366086
2.0459058
-2.4025512
-0.42885366
2.057398
-1.9586797
0.03316165
1.8974258
-2.6256049
-0.9191923
1.0013919
3.1092436
-0.15059958
1.6864918
-2.7866893
-1.1185979
0.8414045
2.7911572
-1.6204835
1.3042917
2.9162626
-1.4241952
0.5773448
1.7949864
-2.2815213
0.017502751
2.7608244
-1.5015587
0.38408646
1.7534106
-2.5435991
-0.40897188
1.3630487
-2.562632
-0.29094023
1.9682528
-2.699204
-0.9571697
0.7295644
-2.6965823
-1.7789716
1.552276
-2.8656878
-1.2159706
0.63502157
2.7399397
-2.1225934
0.6514932
-3.1030397
-1.5508331
0.40465897
2.1317494
-2.112226
-0.55717105
0.7271592
-1.8578509
0.2645961
1.9706868
-2.2830827
-0.71506226
0.96151376
-2.9605649
-0.8934206
1.512941
-2.726469
-0.81879115
0.55368483
2.6005285
-1.7518308
1.0628306
-2.860906
-1.1493871
0.6398823
2.397898
-1.8980366
-0.2829517
1.6308755
-1.95405
0.45471588
2.1011887
-2.1087039
-0.46201652
1.2476906
-2.7153676
0.26805037
1.7583086
-2.604314
-0.6167947
1.0602912
2.5624604
-1.6653959
1.3797307
-3.035891
-0.66122264
1.0097396
2.47875
-2.1539602
0.23196788
2.526955
-1.7487557
0.73738337
2.3229456
-2.2116702
-0.23941146
1.6290524
-2.2943
0.10732193
1.9116354
-2.35497
-0.69561136
1.2174798
-3.0607378
-1.2670634
1.861237
-2.4560878
-0.82939905
1.1359041
3.0385997
-1.5474606
-0.0095135
2.8924198
-1.0390843
0.69703853
2.601491
-2.0208943
-0.14303005
1.7181731
-1.6672009
0.3426926
2.4100492
-2.0041118
-0.23732415
0.91753346
-2.7237594
-0.47149062
1.4640386
-2.1816912
-0.5142191
0.92507565
3.020753
-1.1563741
0.90138376
-2.7513132
-0.6244909
0.9757246
2.5735724
-1.6928567
0.3143203
1.8605571
-1.6769646
0.9523647
2.585247
-2.190019
0.055093717
1.5954971
-2.999761
0.3054118
2.4675484
-2.302878
-0.232169
1.4714477
3.0949688
-1.442136
1.7262447
-2.590168
-0.7748944
1.1411549
2.9077876
-1.847587
0.49603435
3.010211
-1.2755532
1.0245135
2.811877
-1.8547693
-0.10430933
1.9264276
-2.1189833
-0.087860875
2.6669009
-1.8933208
-0.36167982
1.6087977
-2.67519
-0.8589166
1.3042995
-2.1975832
-0.4761607
1.3244426
-2.9683495
-1.3119943
0.16351934
-2.5718958
-0.7188839
1.0525746
2.8534515
-1.4016352
0.12285666
1.3442211
-1.2835735
0.61650944
2.408929
-1.5335897
0.04285284
1.4486539
-2.5458033
-0.2597835
1.7859291
-1.9936115
-0.059285607
1.4093438
-3.0992718
-0.7960616
1.1030664
-2.9642417
-0.11572622
1.2965302
3.0634189
-1.4533683
0.5387664
2.283439
-1.5724034
1.0457888
2.8935354
-1.7788415
0.31783602
2.0550559
-2.2856932
0.018445006
2.7184331
-1.950681
-0.073131695
1.7000421
-2.806397
-1.1798095
2.0628414
-2.2021315
-0.38485512
1.580133
-2.898198
-1.3250877
0.39572835
-3.04465
-1.2879206
1.0592306
-3.1150773
-1.4603571
0.28671002
2.3458383
-1.9955251
0.09431162
2.8900433
-1.6057059
-0.015540375
1.7864183
-2.3038154
-0.52604437
1.3677121
-1.5686343
-0.0350932
1.6235489
-2.608734
-0.97369045
0.7086264
2.581102
-0.19879642
1.1367525
-3.024712
-1.2094954
0.7639164
1.9583658
-1.5238485
1.0839626
2.83527
-1.4239972
0.5687289
1.8867
-2.7855632
0.20759812
1.8367385
-1.8624231
0.250468
2.0160022
-2.7483385
-0.67217624
1.315695
-2.7568865
-0.11729017
1.7062737
-2.8352761
-1.2489343
0.87384516
2.781279
-1.6005301
1.3160087
-2.8809693
-1.4287764
0.6250301
2.4382324
-2.2854078
0.10216499
2.9984968
-1.6426442
0.22462481
2.3249278
-2.4454727
-0.79862916
1.0353651
-1.9017514
-0.4292093
1.8082149
-2.5705678
-0.9502041
0.9020879
-2.8962023
-0.87059987
1.1010298
-2.5113966
-1.0940316
0.5307698
2.2456183
-1.3916696
0.19168183
-3.0403762
-1.2375108
0.49642164
2.221455
-2.0622816
-0.1988692
1.5383196
-1.4688374
0.33358175
1.9164075
-2.563708
-0.60958326
1.1455061
3.0261643
-0.15407115
1.8093375
-2.6510708
-0.7656101
0.91852826
2.4807878
-1.7947538
1.1538607
3.0609567
-1.0843942
0.829308
2.3389575
-2.1681843
0.16182281
2.6387432
-1.7145846
0.8013651
2.2348769
-2.4229991
-0.48196566
1.4939896
-2.7126465
0.17410037
2.103975
-2.4049702
-0.8632815
1.124456
3.0093026
-1.3871467
1.620884
-2.6452496
-1.0308752
0.8923448
2.8404996
-1.8134654
0.049283866
-3.0401692
-1.178405
0.5677086
2.4993505
-2.1035125
-0.3573067
1.499201
-1.8637629
0.23061676
2.066507
-2.126055
-0.43164322
1.0006454
-2.9443588
-0.28485754
1.3349603
-2.319997
-0.6937739
0.91902393
2.7982047
-1.4618782
0.6667426
2.8231192
-0.8361146
0.8779779
2.6376233
-1.8812908
0.11755868
1.7545854
-1.3463037
0.5890206
2.4050267
-2.2119336
-0.22518572
1.4715114
-3.0413404
0.36118594
2.0220191
-2.3792744
-0.5129615
1.3852668
2.9407349
-1.3879197
1.3873934
-2.751343
-0.885587
1.092973
2.6615894
-1.8972821
0.4220055
2.5715218
-1.3751171
0.8332349
2.7327695
-1.9393151
-0.17245318
1.8248812
-2.2340508
-0.05479535
2.3931165
-2.130902
-0.55344725
1.5729679
-2.8442323
-1.0759407
1.3639976
-2.084439
-0.62590075
1.169317
2.9684432
-1.4851774
0.38813183
-3.1092615
-0.91582036
1.0178885
2.7061405
-1.6673371
0.079957426
1.6856841
-1.7281717
0.60061103
2.2317092
-1.8751509
-0.100280754
1.5280491
-2.7370877
-0.25528666
1.7858343
-2.1550024
-0.3278344
1.3048161
-3.0948806
-1.2056882
0.6531348
3.117394
-0.5764217
1.1992675
3.087679
-1.5299252
0.32338676
2.27931
-1.6368973
1.0920218
2.7497346
-1.874638
0.07221434
1.6462549
-2.6536057
0.043472454
2.304523
-1.9668256
-0.054618414
1.5944508
-2.9552927
-1.25689
1.2690252
-2.5927973
-0.6055456
1.359151
-3.0096934
-1.3141351
0.40233552
2.9940648
-1.2741259
1.0540925
3.0498552
-1.6095105
0.09913584
2.012854
-2.1403902
0.26970485
2.5788934
-1.6713771
0.022031512
1.7232348
-2.6115832
-0.93594676
1.4293723
-2.1846783
-0.15347606
1.5653353
-2.85612
-1.2195058
0.8126036
-2.9844658
-0.63357955
1.2268149
3.062363
-1.3498577
0.35641384
2.1806366
-1.895729
0.7496199
2.8134801
-1.5324196
0.2446002
1.8229421
-2.2984533
-0.24385732
1.7374504
-1.8095458
-0.014045089
1.6984643
-2.8066323
-0.9909548
1.0184764
-2.6943364
-0.3131942
1.6523367
-2.8909533
-1.2003819
0.53064233
2.5276167
-1.8153487
1.2087377
3.0669198
-1.4003872
0.37137598
2.2008388
-2.3888102
0.07683114
2.5661793
-1.5697352
0.16169913
1.8280758
-2.5325177
-0.759646
1.4116423
-2.3178928
-0.15738899
1.5827799
-2.691996
-1.0919863
0.66154814
2.8064368
-0.9326562
1.4074792
-2.8550873
-1.1909437
0.5383948
2.4114923
-1.9346834
0.27533248
2.9763198
-1.4957409
0.3636774
2.186895
-2.395428
-0.53060454
1.8042367
-1.9179534
0.11095412
1.9152491
-2.5794547
-0.8439469
0.98490506
-3.0679665
-0.5055898
1.6062624
-2.7718592
-1.0195706
0.711966
2.5269053
-1.6372461
0.85601354
3.128189
-1.211326
0.5171581
2.297974
-2.167326
-0.18905967
2.2163587
-1.6577035
0.32774726
2.109101
-2.3901849
-0.62000185
1.2559865
-2.7745035
-0.018720277
1.8793892
-2.5671525
-0.86075395
0.99004173
2.8930488
-1.3776559
1.4335787
-2.9388802
-1.0910183
0.7691591
2.2960997
-2.0024955
0.19175377
2.8272858
-1.3098264
0.5827961
2.1757782
-2.2663834
-0.32054535
1.601556
-2.331665
0.1180249
2.1498837
-2.420861
-0.6915813
1.0527008
-2.8996763
-1.2391381
1.7399455
-2.598311
-0.9334529
0.8675777
2.830129
-1.8266835
0.6973192
-3.002336
-1.1993624
0.68425703
2.4515305
-1.9458658
-0.28496513
1.680405
-1.7092813
0.4178621
2.290038
-2.1227372
-0.46773407
1.2713157
-2.829819
-0.54051113
1.8573577
-2.4404006
-0.6264894
0.9404432
2.8874052
-1.4844184
1.1213322
-2.7646117
-0.8800888
0.8895583
2.646812
-1.7441808
0.0116756335
2.0728874
-1.5414807
0.6562453
2.4039671
-1.9526232
-0.2550513
1.5307755
-2.5117354
0.26676312
2.0783873
-2.2714653
-0.41880947
1.2825804
2.9220679
-1.2388115
1.4919988
-2.674434
-0.5606669
1.1793162
2.7988362
-1.7293895
0.45495027
2.775495
-1.3369545
0.9284808
2.6161182
-1.9489731
-0.056360546
1.8609937
-2.0948627
0.4066483
2.344647
-2.0884893
-0.34007776
1.4551888
-2.89216
-0.87576795
1.9491435
-2.2723727
-0.53833014
1.3007528
-3.1199274
-1.354116
0.46070307
-3.0046866
-0.8045105
0.9822675
2.8728728
-1.7351569
0.10222595
2.1164014
-1.5805291
0.62665325
2.657597
-1.8056118
-0.059246134
1.4118886
-2.587918
-0.276569
2.0147767
-2.013567
-0.2948982
1.2882265
-3.0474098
-1.0256888
1.0850893
-2.555268
-0.45466086
1.2289835
2.9136243
-1.4500856
0.43699375
2.237772
-1.3604336
1.084569
2.7953413
-1.7454195
0.2048467
1.8322151
-2.603405
0.37458843
2.5559351
-1.9786937
-0.041035686
1.6587969
-2.9091911
-1.0856099
1.763025
-2.3660548
-0.3871346
1.4519254
-3.1062825
-1.462828
0.66453063
3.0365953
-0.9443807
1.2525874
3.0268488
-1.5609941
0.21465622
2.1434956
-2.000987
0.5123475
2.8114953
-1.6821707
-0.0065061823
1.8381152
-2.530475
-0.6439523
1.7865804
-2.004996
-0.2018129
1.5906681
-2.8004313
-1.1016132
0.6154399
-2.6536736
-0.51765186
1.3484439
-3.1047924
-1.2302535
0.3735847
2.2230878
-1.3087349
0.8603605
2.8861856
-1.3980005
0.24716568
1.8273641
-2.327468
-0.11948749
2.1662166
-1.7428114
0.1315328
1.7003967
-2.7656925
-0.71525985
1.2536606
-2.570728
-0.06088849
1.5388266
-2.9523659
-1.1432741
0.7313789
2.5344024
-1.1261753
1.2564335
-3.1414807
-1.403968
0.49063227
2.2392309
-2.097426
0.30518043
2.8609445
-1.6360284
0.24441801
1.9629538
-2.5826967
-0.7644832
1.955531
-2.0342748
-0.049106695
1.8341622
-2.697135
-1.0257695
0.8069676
-3.0488613
-0.9519235
1.4541764
-2.8944762
-1.2036985
0.5685642
2.504705
-1.7992548
0.51171046
3.097941
-1.359026
0.31897858
2.1129308
-2.1909604
-0.36936504
1.9051672
-1.5277563
0.17567857
1.9277542
-2.433833
-0.73420644
0.97016627
-2.772151
-0.1556405
1.4996325
-2.6905515
-0.95330787
0.8810494
2.4373894
-1.331213
1.1958404
-3.1312675
-1.1505457
0.7110253
2.214803
-2.2948835
0.18663146
2.226719
-1.5071133
0.4650732
2.1880374
-2.419571
-0.4607327
1.4687449
-2.4695146
0.12291054
1.9183207
-2.582941
-0.8750692
1.034675
2.97501
-1.1545382
1.5188069
-2.725448
-1.0451852
0.8545765
2.6105154
-2.0155258
0.4082598
3.0437274
-1.3623635
0.5507372
2.4527032
-2.202274
-0.44548547
1.6906286
-1.8215039
0.078084804
2.155392
-2.3687446
-0.6903007
1.2150238
-2.8578272
-0.6566295
1.6200811
-2.4065871
-0.83547896
0.8636952
2.6920564
-1.4014477
0.5270067
-2.849164
-1.0076257
0.725339
2.5011969
-1.8741275
-0.049635597
1.9662181
-1.3478421
0.52274376
2.2315075
-2.2136788
-0.3955576
1.3896692
-2.7873626
-0.043783955
2.0125444
-2.3648643
-0.54940397
1.1551479
2.8353915
-1.3184404
1.2743146
-2.8296678
-0.80324244
1.007616
2.6162317
-1.8474133
0.30923352
2.7078128
-1.2930909
0.9092029
2.5060427
-2.1162944
-0.1851029
1.6603874
-2.4456565
0.33731076
2.2971113
-2.208624
-0.49465615
1.3822405
-3.0678263
-1.0774016
1.8027598
-2.4462845
-0.7293695
1.1652622
2.9974577
-1.6089121
0.37037244
-2.9867265
-0.9994127
0.90479237
2.7818704
-1.8633151
-0.09129435
1.9314517
-1.7443892
0.4878296
2.472907
-1.9527673
-0.24007496
1.37371
-2.7213547
-0.3159383
1.7535765
-2.1216698
-0.47050062
1.2387533
3.0863936
-1.2534019
0.82519615
-2.915626
-0.65930474
1.1032138
2.889221
-1.612203
0.2721091
2.153991
-1.1904463
0.79814446
2.6588666
-1.8711591
-0.0068752924
1.6788104
-2.6130416
0.24921976
2.2522
-2.0498571
-0.24106742
1.5531542
-3.077964
-1.0567737
1.4653091
-2.5149517
-0.50207055
1.3491855
2.9476302
-1.5559443
0.59468573
2.7043884
-0.985483
1.1094989
2.9003963
-1.6946684
0.13946815
2.0106683
-2.1303802
0.41338754
2.6163085
-1.896325
-0.19132574
1.7701597
-2.6979167
-0.78457636
1.8092749
-1.9976318
-0.36193475
1.5035503
-3.046854
-1.2921777
0.6541786
-2.9779058
-0.71356356
1.2750552
3.0688357
-1.4492229
0.29962018
2.086339
-1.5937774
0.7931407
2.7158308
-1.648485
0.101412944
1.8038893
-2.482717
-0.20813718
2.0977447
-1.9019986
-0.077818274
1.5967457
-2.8080006
-0.9774085
0.9118791
-2.724152
-0.3647906
1.4165566
-2.99192
-1.2476528
0.5366008
2.4521954
-1.2386991
1.1833572
2.9993231
-1.532228
0.3229869
1.9564095
-2.3495688
0.23413987
2.5140586
-1.7337724
0.18743485
1.8695014
-2.7109427
-0.8399259
1.482155
-2.3479834
-0.24418539
1.6572356
-2.8336468
-1.0929369
0.7465279
3.026697
-0.96292377
1.4185818
-3.031177
-1.3599932
0.40659335
2.282525
-1.9545472
0.52770865
2.8380232
-1.4610077
0.2762467
2.0254166
-2.3894267
-0.62959373
1.8433275
-1.9198986
0.035755415
1.8382149
-2.6301851
-0.959821
1.0049828
-2.8016856
-0.45113608
1.5461926
-2.8575609
-1.1333704
0.61818403
2.5080168
-1.5966746
0.93058085
3.133555
-1.2953174
0.46083212
2.1111164
-2.082238
-0.111809194
2.0532112
-1.5232304
0.22724299
1.9625586
-2.5154984
-0.68688446
1.198923
-2.497218
-0.057029247
1.8219275
-2.651855
-0.909565
0.8114463
2.7391086
-1.2994033
1.37494
-2.9547007
-1.1229898
0.6534486
2.4224038
-2.0778127
0.35627213
2.7534177
-1.3608603
0.44700414
2.1607792
-2.3145564
-0.5077854
1.6148181
-2.162487
0.13070247
1.9853519
-2.4652178
-0.8051855
0.9985989
3.0140295
-0.72368354
1.633768
-2.6645114
-0.94882816
0.8067327
2.6446128
-1.7178053
0.55842465
-3.0511305
-1.2262505
0.61204296
2.4322839
-2.0985155
-0.3092651
2.0307488
-1.680214
0.3274957
2.1879537
-2.2863092
-0.59786856
1.235481
-2.7881439
-0.28164002
1.8506521
-2.4744372
-0.75056314
0.957354
2.7901626
-1.374863
1.0482036
-2.9016187
-0.92716384
0.7675647
2.557403
-1.9042122
0.052890565
2.3836286
-1.3419693
0.5986628
2.3443089
-2.1291702
-0.34241498
1.5150788
-2.4575586
0.19054803
2.101391
-2.3256896
-0.58619595
1.2086989
3.0786252
-1.1265994
1.6308264
-2.6437845
-0.7947685
1.0145978
2.669894
-1.7449381
0.41834262
2.9759367
-1.0914
0.8428307
2.513432
-1.9984498
-0.12597038
1.8589505
-2.1188579
0.44576395
2.3869472
-2.152759
-0.43711767
1.3621538
-2.829905
-0.85907674
1.9918759
-2.3381443
-0.67315346
1.1307234
3.029395
-1.5513403
0.87430865
-2.7883675
-0.90398395
0.94504285
2.7551055
-1.7195041
-0.02499261
2.0602095
-1.5087531
0.6161128
2.5577676
-1.8790541
-0.20922975
1.5386362
-2.6142209
-0.23633045
2.1328197
-2.1356444
-0.3974103
1.2609209
3.1377409
-1.2014611
1.2672001
-2.5832956
-0.616622
1.1638234
2.898839
-1.5122858
0.28526968
2.4068983
-1.1888503
0.88712054
2.6670175
-1.73682
-0.0054239756
1.7927439
-2.3112864
0.4167928
2.3757098
-1.9841592
-0.18415414
1.5417924
-3.0310824
-0.93681836
1.6718906
-2.3818576
-0.36973462
1.4182796
3.093221
-1.4282058
0.71795756
3.019693
-1.0088637
1.1658397
2.9026701
-1.6800874
0.15763704
2.113787
-1.879282
0.66869116
2.6992142
-1.8138554
-0.06582561
1.7131494
-2.6513991
-0.61910254
2.119612
-2.0412657
-0.26083082
1.5136806
-2.9075773
-1.1238306
0.8384045
-2.7058206
-0.5496282
1.2541673
3.1305332
-1.4479148
0.35731286
2.3689682
-1.4305786
0.91348577
2.9017003
-1.5487466
0.16403961
1.7994237
-2.3765626
-0.036104724
2.3508155
-1.7866524
-0.04743039
1.5995603
-2.8087814
-0.8252212
1.29531
-2.3271606
-0.2243727
1.4779272
-3.0585732
-1.1994386
0.6473451
2.533989
-1.0986093
1.2996608
3.0267444
-1.4186189
0.4279458
2.082387
-2.2780228
0.57573396
2.6980116
-1.6694959
0.19152838
1.8958957
-2.642226
-0.7621453
1.9234451
-2.1172152
-0.10936688
1.7294981
-2.8195403
-1.1359097
0.8732222
-3.1255364
-0.66864556
1.495444
-2.9851522
-1.280819
0.5062671
2.384089
-1.827749
0.8511957
3.0053105
-1.4454042
0.29918426
2.0809312
-2.3235118
-0.4163238
2.140875
-1.7684891
0.069870576
1.860694
-2.5790787
-0.8575616
0.9981252
-2.5385969
-0.29022026
1.6302431
-2.8238838
-1.0071048
0.64547896
2.6144986
-1.206514
1.1146487
-3.0718966
-1.1897651
0.49071068
2.1617324
-2.0917535
0.0708394
2.4907277
-1.4887995
0.35914642
1.992536
-2.4697554
-0.5347872
1.4550476
-2.2822852
0.10837018
1.8108342
-2.689439
-0.87071955
0.96954113
2.7922678
-0.82953596
1.4869636
-2.890843
-1.092775
0.71216196
2.4521668
-1.8702041
0.51913476
3.0588148
-1.3213363
0.52727896
2.2189863
-2.3086524
-0.43164024
2.0291076
-1.8283763
0.2394593
2.0792215
-2.4462152
-0.7344494
1.1078211
-2.9217565
-0.6455502
1.7740684
-2.6577833
-0.9318405
0.8461298
2.718065
-1.5813282
0.889885
-2.9613326
-1.0897326
0.6193673
2.3929427
-2.0111907
-0.16932827
2.2427547
-1.377749
0.41910937
2.2231958
-2.2080839
-0.48032278
1.2430505
-2.3767066
-0.034018908
1.810953
-2.3969939
-0.7010005
1.0725647
2.8149922
-1.1280512
1.3726505
-2.8214037
-0.8823873
0.9142868
2.531661
-1.8966782
0.2946086
2.5452657
-1.2371753
0.70722765
2.4024005
-2.1215956
-0.24467027
1.6791822
-2.1738083
0.36785942
2.1524086
-2.3111851
-0.560011
1.2418791
-3.0811913
-0.8158384
1.7396525
-2.5177796
-0.71632504
1.1051934
2.8179686
-1.729126
0.6821533
-3.1309106
-1.0634254
0.8358605
2.6385374
-1.9371421
-0.10205198
2.0642219
-1.6699698
0.47100013
2.4453318
-2.1288962
-0.43680337
1.4832499
-2.7059383
-0.44268772
2.014066
-2.2075143
-0.5779292
1.1959667
3.0098872
-1.305453
0.8724196
-2.6463125
-0.7695338
0.97912747
2.756084
-1.6477219
0.14886338
2.3454106
-1.145849
0.74499726
2.523544
-1.8981329
-0.1633236
1.6448439
-2.423712
0.09081038
2.2409043
-2.083305
-0.32292387
1.4034532
-3.0987964
-1.027123
1.430751
-2.4595463
-0.5432034
1.223612
2.904855
-1.5523586
0.505207
2.8325021
-0.95235026
1.0926417
2.7769372
-1.8130349
0.092072055
1.8386284
-2.1508763
0.5455972
2.5040748
-1.9899902
-0.15131275
1.642921
-2.8442075
-0.7641205
1.9778601
-2.2267947
-0.4350604
1.4339535
-3.0934083
-1.3693765
0.67127705
-2.8529668
-0.7974852
1.2289752
3.0577984
-1.608301
0.19061252
2.2461052
-1.5988011
0.7624904
2.7923849
-1.7521005
-0.010187665
1.7187728
-2.4873993
-0.27786753
2.1823285
-1.9005667
-0.23165262
1.5522188
-2.9236739
-1.0255915
1.0056037
-2.518131
-0.46281764
1.3517809
-3.1415927
-1.3517809
0.46281764
2.518131
-1.0056037
1.0255915
2.9236739
-1.5522188
0.23165262
1.9005667
-2.1823285
0.27786753
2.4873993
-1.7187728
0.010187665
1.7521005
-2.7923849
-0.7624904
1.5988011
-2.2461052
-0.19061252
1.608301
-3.0577984
-1.2289752
0.7974852
2.8529668
-0.67127705
1.3693765
3.0934083
-1.4339535
0.4350604
2.2267947
-1.9778601
0.7641205
2.8442075
-1.642921
0.15131275
1.9899902
-2.5040748
-0.5455972
2.1508763
-1.8386284
-0.092072055
1.8130349
-2.7769372
-1.0926417
0.95235026
-2.8325021
-0.505207
1.5523586
-2.904855
-1.223612
0.5432034
2.4595463
-1.430751
1.027123
3.0987964
-1.4034532
0.32292387
2.083305
-2.2409043
-0.09081038
2.423712
-1.6448439
0.1633236
1.8981329
-2.523544
-0.74499726
1.145849
-2.3454106
-0.14886338
1.6477219
-2.756084
-0.97912747
0.7695338
2.6463125
-0.8724196
1.305453
-3.0098872
-1.1959667
0.5779292
2.2075143
-2.014066
0.44268772
2.7059383
-1.4832499
0.43680337
2.1288962
-2.4453318
-0.47100013
1.6699698
-2.0642219
0.10205198
1.9371421
-2.6385374
-0.8358605
1.0634254
3.1309106
-0.6821533
1.729126
-2.8179686
-1.1051934
0.71632504
2.5177796
-1.7396525
0.8158384
3.0811913
-1.2418791
0.560011
2.3111851
-2.1524086
-0.36785942
2.1738083
-1.6791822
0.24467027
2.1215956
-2.4024005
-0.70722765
1.2371753
-2.5452657
-0.2946086
1.8966782
-2.531661
-0.9142868
0.8823873
2.8214037
-1.3726505
1.1280512
-2.8149922
-1.0725647
0.7010005
2.3969939
-1.810953
0.034018908
2.3767066
-1.2430505
0.48032278
2.2080839
-2.2231958
-0.41910937
1.377749
-2.2427547
0.16932827
2.0111907
-2.3929427
-0.6193673
1.0897326
2.9613326
-0.889885
1.5813284
-2.718065
-0.8461298
0.9318405
2.6577833
-1.7740684
0.6455502
2.9217565
-1.1078211
0.7344494
2.4462152
-2.0792215
-0.2394593
1.8283763
-2.0291076
0.43164024
2.3086524
-2.2189863
-0.52727896
1.3213363
-3.0588148
-0.51913476
1.8702041
-2.4521668
-0.71216196
1.092775
2.890843
-1.4869636
0.82953596
-2.7922678
-0.96954113
0.87071955
2.689439
-1.8108342
-0.10837018
2.2822852
-1.4550476
0.5347872
2.4697554
-1.992536
-0.35914642
1.4887995
-2.4907277
-0.0708394
2.0917535
-2.1617324
-0.49071068
1.1897651
3.0718966
-1.1146487
1.206514
-2.6144986
-0.64547896
1.0071048
2.8238838
-1.6302431
0.29022026
2.5385969
-0.9981252
0.8575616
2.5790787
-1.860694
-0.069870576
1.7684891
-2.140875
0.4163238
2.3235118
-2.0809312
-0.29918426
1.4454042
-3.0053105
-0.8511957
1.827749
-2.384089
-0.5062671
1.280819
2.9851522
-1.495444
0.66864556
3.1255364
-0.8732222
1.1359097
2.8195403
-1.7294981
0.10936688
2.1172152
-1.9234451
0.7621453
2.642226
-1.8958957
-0.19152838
1.6694959
-2.6980116
-0.57573396
2.2780228
-2.082387
-0.4279458
1.4186189
-3.0267444
-1.2996608
1.0986093
-2.533989
-0.6473451
1.1994386
3.0585732
-1.4779271
0.2243727
2.3271606
-1.29531
0.8252212
2.8087814
-1.5995603
0.04743039
1.7866524
-2.3508155
0.036104724
2.3765626
-1.7994237
-0.16403961
1.5487466
-2.9017003
-0.91348577
1.4305786
-2.3689682
-0.35731286
1.4479148
-3.1305332
-1.2541673
0.5496282
2.7058206
-0.8384045
1.1238306
2.9075773
-1.5136806
0.26083082
2.0412657
-2.119612
0.61910254
2.6513991
-1.7131494
0.06582561
1.8138554
-2.6992142
-0.66869116
1.879282
-2.113787
-0.15763704
1.6800874
-2.9026701
-1.1658397
1.0088637
-3.019693
-0.71795756
1.4282058
-3.093221
-1.4182796
0.36973462
2.3818576
-1.6718906
0.93681836
3.0310824
-1.5417924
0.18415414
1.9841592
-2.3757098
-0.4167928
2.3112864
-1.7927439
0.0054239756
1.73682
-2.6670175
-0.88712054
1.1888503
-2.4068983
-0.28526968
1.5122858
-2.898839
-1.1638234
0.616622
2.5832956
-1.2672001
1.2014611
-3.1377409
-1.2609209
0.3974103
2.1356444
-2.1328197
0.23633045
2.6142209
-1.5386362
0.20922975
1.8790541
-2.5577676
-0.6161128
1.5087531
-2.0602095
0.02499261
1.7195041
-2.7551055
-0.94504285
0.90398395
2.7883675
-0.87430865
1.5513403
-3.029395
-1.1307234
0.67315346
2.3381443
-1.9918759
0.85907674
2.829905
-1.3621538
0.43711767
2.152759
-2.3869472
-0.44576395
2.1188579
-1.8589505
0.12597038
1.9984498
-2.513432
-0.8428307
1.0914
-2.9759367
-0.41834262
1.7449379
-2.669894
-1.0145978
0.7947685
2.6437845
-1.6308264
1.1265994
-3.0786252
-1.2086989
0.58619595
2.3256896
-2.101391
-0.19054803
2.4575586
-1.5150788
0.34241498
2.1291702
-2.3443089
-0.5986628
1.3419693
-2.3836286
-0.052890565
1.9042122
-2.557403
-0.7675647
0.92716384
2.9016187
-1.0482036
1.374863
-2.7901626
-0.957354
0.75056314
2.4744372
-1.8506521
0.28164002
2.7881439
-1.235481
0.59786856
2.2863092
-2.1879537
-0.3274957
1.680214
-2.0307488
0.3092651
2.0985155
-2.4322839
-0.61204296
1.2262505
3.0511305
-0.55842465
1.7178053
-2.6446128
-0.8067327
0.94882816
2.6645114
-1.633768
0.72368354
-3.0140295
-0.9985989
0.8051855
2.4652178
-1.9853519
-0.13070247
2.162487
-1.6148181
0.5077854
2.3145564
-2.1607792
-0.44700414
1.3608603
-2.7534177
-0.35627213
2.0778127
-2.4224038
-0.6534486
1.1229898
2.9547007
-1.37494
1.2994033
-2.7391086
-0.8114463
0.909565
2.651855
-1.8219275
0.057029247
2.497218
-1.198923
0.68688446
2.5154984
-1.9625586
-0.22724299
1.5232304
-2.0532112
0.111809194
2.082238
-2.1111164
-0.46083212
1.2953174
-3.133555
-0.93058085
1.5966746
-2.5080168
-0.61818403
1.1333704
2.8575609
-1.5461926
0.45113608
2.8016856
-1.0049828
0.959821
2.6301851
-1.8382149
-0.035755415
1.9198986
-1.8433275
0.62959373
2.3894267
-2.0254166
-0.2762467
1.4610077
-2.8380232
-0.52770865
1.9545472
-2.282525
-0.40659335
1.3599932
3.031177
-1.4185818
0.96292377
-3.026697
-0.7465279
1.0929369
2.8336468
-1.6572356
0.24418539
2.3479834
-1.482155
0.8399259
2.7109427
-1.8695014
-0.18743485
1.7337724
-2.5140586
-0.23413987
2.3495688
-1.9564095
-0.3229869
1.532228
-2.9993231
-1.1833572
1.2386991
-2.4521954
-0.5366008
1.2476528
2.99192
-1.4165566
0.3647906
2.724152
-0.9118791
0.9774085
2.8080006
-1.5967457
0.077818274
1.9019986
-2.0977447
0.20813718
2.482717
-1.8038893
-0.101412944
1.648485
-2.7158308
-0.7931407
1.5937774
-2.086339
-0.29962018
1.4492229
-3.0688357
-1.2750552
0.71356356
2.9779058
-0.6541786
1.2921777
3.046854
-1.5035503
0.36193475
1.9976318
-1.8092749
0.78457636
2.6979167
-1.7701597
0.19132574
1.896325
-2.6163085
-0.41338754
2.1303802
-2.0106683
-0.13946815
1.6946684
-2.9003963
-1.1094989
0.985483
-2.7043884
-0.59468573
1.5559443
-2.9476302
-1.3491855
0.50207055
2.5149517
-1.4653091
1.0567737
3.077964
-1.5531542
0.24106742
2.0498571
-2.2522
-0.24921976
2.6130416
-1.6788104
0.0068752924
1.8711591
-2.6588666
-0.79814446
1.1904463
-2.153991
-0.2721091
1.612203
-2.889221
-1.1032138
0.65930474
2.915626
-0.82519615
1.2534019
-3.0863936
-1.2387533
0.47050062
2.1216698
-1.7535765
0.3159383
2.7213547
-1.37371
0.24007496
1.9527673
-2.472907
-0.4878296
1.7443892
-1.9314517
0.09129435
1.8633151
-2.7818704
-0.90479237
0.9994127
2.9867265
-0.37037244
1.6089121
-2.9974577
-1.1652622
0.7293695
2.4462845
-1.8027598
1.0774016
3.0678263
-1.3822405
0.49465615
2.208624
-2.2971113
-0.33731076
2.4456565
-1.6603874
0.1851029
2.1162944
-2.5060427
-0.9092029
1.2930909
-2.7078128
-0.30923352
1.8474133
-2.6162317
-1.007616
0.80324244
2.8296678
-1.2743146
1.3184404
-2.8353915
-1.1551479
0.54940397
2.3648643
-2.0125444
0.043783955
2.7873626
-1.3896692
0.3955576
2.2136788
-2.2315075
-0.52274376
1.3478421
-1.9662181
0.049635597
1.8741275
-2.5011969
-0.725339
1.0076257
2.849164
-0.5270067
1.4014477
-2.6920564
-0.8636952
0.83547896
2.4065871
-1.6200811
0.6566295
2.8578272
-1.2150238
0.6903007
2.3687446
-2.155392
-0.078084804
1.8215039
-1.6906286
0.44548547
2.202274
-2.4527032
-0.5507372
1.3623635
-3.0437274
-0.4082598
2.0155258
-2.6105154
-0.8545765
1.0451852
2.725448
-1.5188069
1.1545382
-2.97501
-1.034675
0.8750692
2.582941
-1.9183207
-0.12291054
2.4695146
-1.4687449
0.4607327
2.419571
-2.1880374
-0.4650732
1.5071133
-2.226719
-0.18663146
2.2948835
-2.214803
-0.7110253
1.1505457
3.1312675
-1.1958404
1.331213
-2.4373894
-0.8810494
0.95330787
2.6905515
-1.4996325
0.1556405
2.772151
-0.97016627
0.73420644
2.433833
-1.9277542
-0.17567857
1.5277563
-1.9051672
0.36936504
2.1909604
-2.1129308
-0.31897858
1.359026
-3.097941
-0.51171046
1.7992548
-2.504705
-0.5685642
1.2036985
2.8944762
-1.4541764
0.9519235
3.0488613
-0.8069676
1.0257695
2.697135
-1.8341622
0.049106695
2.0342748
-1.955531
0.7644832
2.5826967
-1.9629538
-0.24441801
1.6360284
-2.8609445
-0.30518043
2.097426
-2.2392309
-0.49063227
1.403968
3.1414807
-1.2564335
1.1261753
-2.5344024
-0.7313789
1.1432741
2.9523659
-1.5388266
0.06088849
2.570728
-1.2536606
0.71525985
2.7656925
-1.7003967
-0.1315328
1.7428114
-2.1662166
0.11948749
2.327468
-1.8273641
-0.24716568
1.3980005
-2.8861856
-0.8603605
1.3087349
-2.2230878
-0.3735847
1.2302535
3.1047924
-1.3484439
0.51765186
2.6536736
-0.6154399
1.1016132
2.8004313
-1.5906681
0.2018129
2.004996
-1.7865804
0.6439523
2.530475
-1.8381152
0.0065061823
1.6821707
-2.8114953
-0.5123475
2.000987
-2.1434956
-0.21465622
1.5609941
-3.0268488
-1.2525874
0.9443807
-3.0365953
-0.66453063
1.462828
3.1062825
-1.4519254
0.3871346
2.3660548
-1.763025
1.0856099
2.9091911
-1.6587969
0.041035686
1.9786937
-2.5559351
-0.37458843
2.603405
-1.8322151
-0.2048467
1.7454195
-2.7953413
-1.084569
1.3604336
-2.237772
-0.43699375
1.4500856
-2.9136243
-1.2289835
0.45466086
2.555268
-1.0850893
1.0256888
3.0474098
-1.2882265
0.2948982
2.013567
-2.0147767
0.276569
2.587918
-1.4118886
0.059246134
1.8056118
-2.657597
-0.62665325
1.5805291
-2.1164014
-0.10222595
1.7351569
-2.8728728
-0.9822675
0.8045105
3.0046866
-0.46070307
1.354116
3.1199274
-1.3007528
0.53833014
2.2723727
-1.9491435
0.87576795
2.89216
-1.4551888
0.34007776
2.0884893
-2.344647
-0.4066483
2.0948627
-1.8609937
0.056360546
1.9489731
-2.6161182
-0.9284808
1.3369545
-2.775495
-0.45495027
1.7293895
-2.7988362
-1.1793162
0.5606669
2.674434
-1.4919988
1.2388115
-2.9220679
-1.2825804
0.41880947
2.2714653
-2.0783873
-0.26676312
2.5117354
-1.5307755
0.2550513
1.9526232
-2.4039671
-0.6562453
1.5414807
-2.0728874
-0.0116756335
1.7441808
-2.646812
-0.8895583
0.8800888
2.7646117
-1.1213322
1.4844184
-2.8874052
-0.9404432
0.6264894
2.4404006
-1.8573577
0.54051113
2.829819
-1.2713157
0.46773407
2.1227372
-2.290038
-0.4178621
1.7092813
-1.680405
0.28496513
1.9458658
-2.4515305
-0.68425703
1.1993624
3.002336
-0.6973192
1.8266835
-2.830129
-0.8675777
0.9334529
2.598311
-1.7399455
1.2391381
2.8996763
-1.0527008
0.6915813
2.420861
-2.1498837
-0.1180249
2.331665
-1.601556
0.32054535
2.2663834
-2.1757782
-0.5827961
1.3098264
-2.8272858
-0.19175377
2.0024955
-2.2960997
-0.7691591
1.0910183
2.9388802
-1.4335787
1.3776559
-2.8930488
-0.99004173
0.86075395
2.5671525
-1.8793892
0.018720277
2.7745035
-1.2559865
0.62000185
2.3901849
-2.109101
-0.32774726
1.6577035
-2.2163587
0.18905967
2.167326
-2.297974
-0.5171581
1.211326
-3.128189
-0.85601354
1.6372461
-2.5269053
-0.711966
1.0195706
2.7718592
-1.6062624
0.5055898
3.0679665
-0.98490506
0.8439469
2.5794547
-1.9152491
-0.11095412
1.9179534
-1.8042367
0.53060454
2.395428
-2.186895
-0.3636774
1.4957409
-2.9763198
-0.27533248
1.9346834
-2.4114923
-0.5383948
1.1909437
2.8550873
-1.4074792
0.9326562
-2.8064368
-0.66154814
1.0919863
2.691996
-1.5827799
0.15738899
2.3178928
-1.4116423
0.759646
2.5325177
-1.8280758
-0.16169913
1.5697352
-2.5661793
-0.07683114
2.3888102
-2.2008388
-0.37137598
1.4003872
-3.0669198
-1.2087377
1.8153487
-2.5276167
-0.53064233
1.2003819
2.8909533
-1.6523367
0.3131942
2.6943364
-1.0184764
0.9909548
2.8066323
-1.6984643
0.014045089
1.8095458
-1.7374504
0.24385732
2.2984533
-1.8229421
-0.2446002
1.5324196
-2.8134801
-0.7496199
1.895729
-2.1806366
-0.35641384
1.3498577
-3.062363
-1.2268149
0.63357955
2.9844658
-0.8126036
1.2195058
2.85612
-1.5653353
0.15347606
2.1846783
-1.4293723
0.93594676
2.6115832
-1.7232348
-0.022031512
1.6713771
-2.5788934
-0.26970485
2.1403902
-2.012854
-0.09913584
1.6095105
-3.0498552
-1.0540925
1.2741259
-2.9940648
-0.40233552
1.3141351
3.0096934
-1.359151
0.6055456
2.5927973
-1.2690252
1.25689
2.9552927
-1.5944508
0.054618414
1.9668256
-2.304523
-0.043472454
2.6536057
-1.6462549
-0.07221434
1.874638
-2.7497346
-1.0920218
1.6368971
-2.27931
-0.32338676
1.5299252
-3.087679
-1.1992675
0.5764217
-3.117394
-0.6531348
1.2056882
3.0948806
-1.3048161
0.3278344
2.1550024
-1.7858343
0.25528666
2.7370877
-1.5280491
0.100280754
1.8751509
-2.2317092
-0.60061103
1.7281717
-1.6856841
-0.079957426
1.6673371
-2.7061405
-1.0178885
0.91582036
3.1092615
-0.38813183
1.4851774
-2.9684432
-1.169317
0.62590075
2.084439
-1.3639976
1.0759407
2.8442323
-1.5729679
0.55344725
2.130902
-2.3931165
0.05479535
2.2340508
-1.8248812
0.17245318
1.9393151
-2.7327695
-0.8332349
1.3751171
-2.5715218
-0.4220055
1.8972821
-2.6615894
-1.092973
0.885587
2.751343
-1.3873934
1.3879197
-2.9407349
-1.3852668
0.5129615
2.3792744
-2.0220191
-0.36118594
3.0413404
-1.4715114
0.22518572
2.2119336
-2.4050267
-0.5890206
1.3463037
-1.7545854
-0.11755868
1.8812908
-2.6376233
-0.8779779
0.8361146
-2.8231192
-0.6667426
1.4618782
-2.7982047
-0.91902393
0.6937739
2.319997
-1.3349603
0.28485754
2.9443588
-1.0006454
0.43164322
2.126055
-2.066507
-0.23061676
1.8637629
-1.499201
0.3573067
2.1035125
-2.4993505
-0.5677086
1.178405
3.0401692
-0.049283866
1.8134654
-2.8404996
-0.8923448
1.0308752
2.6452496
-1.620884
1.3871467
-3.0093026
-1.124456
0.8632815
2.4049702
-2.103975
-0.17410037
2.7126465
-1.4939896
0.48196566
2.4229991
-2.2348769
-0.8013651
1.7145846
-2.6387432
-0.16182281
2.1681843
-2.3389575
-0.829308
1.0843942
-3.0609567
-1.1538607
1.7947538
-2.4807878
-0.91852826
0.7656101
2.6510708
-1.8093375
0.15407115
-3.0261643
-1.1455061
0.60958326
2.563708
-1.9164075
-0.33358175
1.4688374
-1.5383196
0.1988692
2.0622816
-2.221455
-0.49642164
1.2375108
3.0403762
-0.19168183
1.3916696
-2.2456183
-0.5307698
1.0940316
2.5113966
-1.1010298
0.87059987
2.8962023
-0.9020879
0.9502041
2.5705678
-1.8082149
0.4292093
1.9017514
-1.0353651
0.79862916
2.4454727
-2.3249278
-0.22462481
1.6426442
-2.9984968
-0.10216499
2.2854078
-2.4382324
-0.6250301
1.4287764
2.8809693
-1.3160087
1.6005301
-2.781279
-0.87384516
1.2489343
2.8352761
-1.7062737
0.11729017
2.7568865
-1.315695
0.67217624
2.7483385
-2.0160022
-0.250468
1.8624231
-1.8367385
-0.20759812
2.7855632
-1.8867
-0.5687289
1.4239972
-2.83527
-1.0839626
1.5238485
-1.9583658
-0.7639164
1.2094954
3.024712
-1.1367525
0.19879642
-2.581102
-0.7086264
0.97369045
2.608734
-1.6235489
0.0350932
1.5686343
-1.3677121
0.52604437
2.3038154
-1.7864183
0.015540375
1.6057059
-2.8900433
-0.09431162
1.9955251
-2.3458383
-0.28671002
1.4603571
3.1150773
-1.0592306
1.2879206
3.04465
-0.39572835
1.3250877
2.898198
-1.580133
0.38485512
2.2021315
-2.0628414
1.1798095
2.806397
-1.7000421
0.073131695
1.950681
-2.7184331
-0.018445006
2.2856932
-2.0550559
-0.31783602
1.7788415
-2.8935354
-1.0457888
1.5724034
-2.283439
-0.5387664
1.4533683
-3.0634189
-1.2965302
0.11572622
2.9642417
-1.1030664
0.7960616
3.0992718
-1.4093438
0.059285607
1.9936115
-1.7859291
0.2597835
2.5458033
-1.4486539
-0.04285284
1.5335897
-2.408929
-0.61650944
1.2835735
-1.3442211
-0.12285666
1.4016352
-2.8534515
-1.0525746
0.7188839
2.5718958
-0.16351934
1.3119943
2.9683495
-1.3244426
0.4761607
2.1975832
-1.3042995
0.8589166
2.67519
-1.6087977
0.36167982
1.8933208
-2.6669009
0.087860875
2.1189833
-1.9264276
0.10430933
1.8547693
-2.811877
-1.0245135
1.2755532
-3.010211
-0.49603435
1.847587
-2.9077876
-1.1411549
0.7748944
2.590168
-1.7262447
1.442136
-3.0949688
-1.4714477
0.232169
2.302878
-2.4675484
-0.3054118
2.999761
-1.5954971
-0.055093717
2.190019
-2.585247
-0.9523647
1.6769646
-1.8605571
-0.3143203
1.6928567
-2.5735724
-0.9757246
0.6244909
2.7513132
-0.90138376
1.1563741
-3.020753
-0.92507565
0.5142191
2.1816912
-1.4640386
0.47149062
2.7237594
-0.91753346
0.23732415
2.0041118
-2.4100492
-0.3426926
1.6672009
-1.7181731
0.14303005
2.0208943
-2.601491
-0.69703853
1.0390843
-2.8924198
0.0095135
1.5474606
-3.0385997
-1.1359041
0.82939905
2.4560878
-1.861237
1.2670634
3.0607378
-1.2174798
0.69561136
2.35497
-1.9116354
-0.10732193
2.2943
-1.6290524
0.23941146
2.2116702
-2.3229456
-0.73738337
1.7487557
-2.526955
-0.23196788
2.1539602
-2.47875
-1.0097396
0.66122264
3.035891
-1.3797307
1.6653959
-2.5624604
-1.0602912
0.6167947
2.604314
-1.7583086
-0.26805037
2.7153676
-1.2476906
0.46201652
2.1087039
-2.1011887
-0.45471588
1.95405
-1.6308755
0.2829517
1.8980366
-2.397898
-0.6398823
1.1493871
2.860906
-1.0628306
1.7518308
-2.6005285
-0.55368483
0.81879115
2.726469
-1.512941
0.8934206
2.9605649
-0.96151376
0.71506226
2.2830827
-1.9706868
-0.2645961
1.8578509
-0.7271592
0.55717105
2.112226
-2.1317494
-0.40465897
1.5508331
3.1030397
-0.6514932
2.1225934
-2.7399397
-0.63502157
1.2159706
2.865688
-1.552276
1.7789716
2.6965823
-0.7295644
0.9571697
2.699204
-1.9682528
0.29094023
2.562632
-1.3630487
0.40897188
2.5435991
-1.7534106
-0.38408646
1.5015587
-2.7608244
-0.017502751
2.2815213
-1.7949864
-0.5773448
1.4241952
-2.9162626
-1.3042917
1.6204835
-2.7911572
-0.8414045
1.1185979
2.7866893
-1.6864918
0.15059958
-3.1092436
-1.0013919
0.9191923
2.6256049
-1.8974258
-0.03316165
1.9586797
-2.057398
0.42885366
2.4025512
-2.0459058
-0.25366086
1.4895633
-2.8869882
-0.634195
1.8972124
-2.2716274
-0.45707554
1.2939386
3.056125
-1.3588567
0.740966
-2.945436
-0.73894095
1.0959753
2.8712351
-1.6533955
0.09231389
2.156094
-1.6144867
0.7891009
2.7058003
-1.9896919
-0.13789606
1.7842207
-2.7383466
0.09627775
2.0945716
-2.2355983
-0.2971886
1.4243135
2.9375126
-1.2321552
1.17233
-2.628087
-0.2775714
1.4239234
2.8450608
-0.9467208
0.4540594
2.4507031
-1.2618535
0.9808718
2.6869683
-1.3550159
0.13037987
1.6772121
-2.384933
0.23408149
2.757048
-2.0440528
-0.08395977
1.6814783
-2.7326548
-1.147643
2.5843666
-2.3595324
-0.25016394
1.519379
3.0723171
-1.5886877
0.66570306
2.8011334
-0.8792961
1.4153304
3.10839
-1.3917986
0.21159312
2.1187606
-1.383454
0.20937166
2.3225253
-1.516307
-0.10836589
1.7531568
-2.4610372
-0.62579733
2.5441957
-1.786506
-0.091431305
1.5146569
-2.5116117
-0.91925204
0.8105975
2.9830577
-0.72926575
1.4874252
3.0199873
-1.3068196
0.25709134
2.5005996
-0.72210985
1.4237916
2.7392633
-1.3723111
0.17115772
1.7960953
-2.2841048
-0.033984613
2.2303462
-1.6018938
0.24285586
1.8317866
-2.9407637
-0.3569193
1.6934448
2.8725278
0.047137376
1.440096
3.0555685
-1.0032473
1.0400985
2.8146744
-1.0203036
1.9839264
-3.1280756
-1.2872807
0.23391373
2.149141
-2.1001763
0.022525897
2.955751
-1.1834496
0.15139224
2.2522302
-2.5332658
-1.2977185
2.152685
-2.181045
-0.19965613
1.8471595
-3.0194705
-1.0451533
0.7102725
-2.3821235
-0.34737736
1.3732316
-2.8564723
-1.0154705
0.593605
2.3805668
-1.4586265
-0.076554015
3.0359187
-1.2590523
0.2006897
2.0212076
-1.392173
-0.5047562
1.5507851
-1.1785511
0.058276758
1.802823
-2.0393176
-0.8114854
1.0606647
2.9817379
-0.1536736
1.6080132
-2.7063627
-0.6772607
0.87839365
1.8135474
-0.46727133
1.6072338
2.7648382
-1.5739098
1.0063883
2.3058648
-2.2331998
1.0828394
2.1571426
-1.7815217
0.6054505
2.1326838
-2.7410688
-0.52165633
2.3554242
-2.5314672
-0.667395
2.2970126
-2.343516
-0.8693359
1.6640117
2.9374459
-1.5479906
1.883416
-2.7001815
-1.4611783
0.8388644
2.7657375
-1.8152177
-1.266654
-2.7700531
-1.3354287
0.30775473
2.6706297
-2.187064
-0.46232346
0.84419256
-1.1523582
-0.22837558
2.1719856
-2.401056
-0.7359353
0.8228515
-1.7520828
-0.5776293
1.5246179
-2.434098
-0.5481832
0.8385015
2.1354268
-0.8947218
-0.01752647
3.004116
-0.5335299
0.47642183
2.0662405
-1.0986989
-0.0004763153
1.7518225
-0.45195124
0.6102495
2.2822363
-2.112577
-0.12391996
1.2589918
2.4788754
0.392072
1.9192942
2.9772425
-0.6166153
1.3732042
2.7142801
2.3885746
1.7514546
-2.922988
-0.9189208
1.3842742
2.4790459
-2.0484428
-0.2610065
2.9722645
-1.4496866
0.95384884
2.7691941
-1.959317
-1.6497601
2.4593947
-2.7401333
-0.3479777
2.590899
-2.0662863
-0.896498
1.4853629
-2.5261123
-1.1717275
-2.8214288
-2.014324
-0.76987237
0.7771465
2.970516
-1.7077417
-0.11609857
-2.073547
-0.94766784
0.6806321
3.1323493
-1.4916531
-0.2830887
1.021458
-0.9435138
0.1667408
1.8958393
-1.8168391
-0.35333025
1.378828
0.38723043
0.16770226
0.9631376
-0.92566967
-0.15714219
1.3395889
2.21715
-0.19923264
1.071573
2.3288836
-0.015063342
1.2265123
2.6261723
-0.8184049
1.3473288
1.7522104
0.35506913
1.2278394
2.611491
-2.6386695
0.3119151
1.8965541
2.7901466
0.92305803
2.542328
-2.6502342
-0.6308548
2.113014
2.751375
-1.2457914
2.4057035
-2.8132446
-0.9819373
1.8999213
3.024077
-1.6068218
-2.8011394
3.0945663
-1.3692069
-1.7504537
-3.0435011
-2.0467057
-0.31570128
-3.114525
-1.3182302
-0.7798003
-2.7261136
-1.4743714
-0.9848579
1.7336626
-2.460404
-1.1819985
-0.37179896
-1.1694225
-0.9564061
1.4275407
-2.0547533
-0.6295435
-0.03854316
-0.7145501
-0.46794927
1.0900366
2.0927348
-1.256057
0.11398857
0.9216614
-0.22385187
0.5147846
1.7373263
-1.081793
0.5561409
1.747862
-3.035035
0.56463945
2.0468411
-2.7783327
0.03031645
1.6560187
-3.119212
0.09367383
1.716558
2.1504545
0.748405
1.6714474
2.8754177
-1.2556723
1.1450855
2.156915
-2.8158755
1.9708272
2.913599
-1.4231822
1.2173666
2.3151064
-3.1226807
2.9142392
2.256071
-2.148501
-0.5950794
2.6207209
-2.6954234
-0.99197686
-2.702626
-2.052095
-0.69032365
2.50058
-2.791072
-1.1452341
-1.1062355
-2.0365968
-1.1388452
-0.22817703
-2.536319
-1.1027452
-0.45086667
2.1483638
-1.2035964
0.11063988
1.3120816
-0.8872302
-0.047582753
1.0462466
-0.7375761
-0.40562004
0.86534417
0.23340692
0.057081148
0.78662103
-1.8142606
-0.6625084
0.7365203
0.9576568
0.4907532
1.3367159
2.326839
-1.0861021
0.7704807
2.1694353
-0.2520343
1.0051394
1.8665947
-1.6255689
1.151406
1.878437
2.8047595
1.8658446
2.075492
-2.2170625
0.7737052
2.202259
-2.8127942
-2.643815
1.9650205
2.7920768
-1.9007102
2.4738646
-2.6940048
0.4937446
2.7123315
2.7171843
-2.8469627
1.9612943
-2.7734907
-1.5962594
-0.69736826
2.7690294
-3.0355673
-0.9044686
-2.6561713
-1.4463534
-1.5175629
-2.4669821
-2.5427227
-1.2773758
2.2580512
-1.1953331
-0.5331748
-0.26066485
-2.0113764
-0.73709255
-0.069274865
0.069364786
-0.8740011
-0.15705268
3.1054568
-0.32547122
0.48080373
1.5064166
0.050712503
0.5101912
1.962525
-0.073647805
-0.26256812
1.7175794
1.0950797
-0.043866217
1.4495451
0.84574014
0.2876042
2.3096483
0.4796223
-0.3439791
1.1151671
-0.39801922
0.87947
1.2494833
1.804609
-1.4330915
1.1991796
2.1122074
-3.1007957
2.548163
2.9190295
-1.1967779
2.8486123
2.5544329
-0.73373646
2.6360161
2.3318524
-1.840552
-0.52599096
2.420405
-1.9453558
-2.1225457
2.5368009
-2.2340455
-2.9227982
-2.375757
-1.8182385
-1.4060645
-0.47366196
-2.2072093
-1.5322175
-3.077794
-2.0002916
-1.1181101
-1.4071623
-1.963796
-1.3112807
-1.5801592
-0.14616078
-0.66873324
0.26028574
0.57971925
-1.3255218
-0.5624131
2.940409
-0.7606314
0.8436667
1.0977491
-2.3217578
-0.5588008
1.8638213
1.9744893
-1.6958265
1.9653782
0.4100711
0.25760552
0.2435409
3.0803251
-0.21363968
1.471311
1.5853572
0.12696517
0.7004863
1.3199532
0.90340555
-0.4714966
1.6258737
0.82562953
0.8832117
0.35388327
-1.2599394
0.6567961
2.3039122
1.3284568
-2.1616516
2.4889927
2.6188464
-0.6189964
1.7016033
-0.06425964
-2.8198497
2.6272948
1.5430937
-0.17696458
1.4312513
-3.1281476
-2.736983
2.3119195
2.8541086
-1.4148638
-0.7240291
-3.059181
-0.5697211
-1.027687
-0.59458864
1.733957
-1.1224915
-2.597317
-0.70507115
-1.1338396
2.8765495
-0.63369966
2.8706348
1.9183692
1.6573132
-1.4441776
1.155886
0.6562069
-2.1295388
-1.3560122
-1.5374104
-0.8368592
-2.417946
1.3968636
-2.2292805
2.4767592
2.465183
-3.0131726
-0.2197592
1.7372527
1.787005
0.42134494
1.3680893
0.5823552
1.2097378
2.0574372
-1.1599962
-1.93653
