0.0
0.10692531
0.075
0.031
0.028
0.020
0.025
0.037298158
0.03987496
0.054205183
0.010684762
0.015145893
0.049613852
0.020227974
0.060717117
0.019604841
0.027246151
0.034860324
0.024411658
0.023599427
0.025803471
0.015438461
0.019308751
0.037021928
0.021103997
0.016021308
0.013536902
0.021491067
0.010171172
0.018161565
0.035080414
0.002895466
0.00415492
0.008123027
0.0050809695
0.0098954365
0.016715797
0.0035324993
0.011520522
0.003810697
0.008522355
0.005890523
0.0066806693
0.0026294296
0.0023377612
0.007778733
0.0146853
0.011612439
0.002425157
0.003400276
0.0060396837
0.0078123845
0.008566241
0.007598384
0.0033340198
0.003449725
0.005190508
0.0012412476
0.0025925643
0.0033807955
0.004935482
0.007066078
0.0039951517
0.0057971887
0.0032953296
0.003984922
0.0027939985
0.0016699013
0.0014404148
0.003661822
0.001772146
0.0013397277
0.002443949
0.0051622647
0.002145732
0.0030547
0.0022967206
0.0020830738
0.00024593473
0.004141108
0.0010044461
0.002402351
0.0013449542
0.0026957663
0.0020462195
0.0025975748
0.0016261797
0.0017714706
0.0024698172
0.0009505418
0.000601213
0.0017217582
0.0028484666
0.0008971751
0.0010358092
0.002649283
0.0031715005
0.0011708238
0.002820856
0.0012951978
0.0018416487
0.0026474185
0.0014387239
0.0014794861
0.0008412172
0.0009167747
0.0022575457
0.0005983784
0.0017591997
0.0031101417
0.0006823708
0.00032379222
0.0010886072
0.0005390401
0.0013452163
0.0019353745
0.000994052
0.0008364465
0.0021580788
0.0007808024
0.00060052244
0.0009899999
0.0014910477
0.0017511027
0.0010301371
0.00086073205
0.0013068527
