0.000
0.66
0.000
0.000
0.000
0.000
0.000
0.000
0.000
0.000
0.000
0.000
0.000
0.000
0.08
0.000
0.004
0.000
0.000
0.000
0.016
0.0
0.000
0.004
0.0
0.0
0.0
0.0
0.0
0.0
0.0
0.0
0.0
0.11
0.0
0.00352573
0.0017806572
0.0039100884
0.0018515912
0.004974613
0.0013708331
0.00271419
0.004060816
0.0028184438
0.001391267
0.00478338
0.0024065266
0.0026286787
0.0013072717
0.0067275423
0.08
0.0062931986
0.003116531
0.0024109597
0.00196393
0.004454009
0.002284451
0.0024878192
0.001964097
0.001121592
0.0015773093
0.0040697665
0.0038752577
0.0037171098
0.0007196365
0.07
0.0013008671
0.000522359
0.00065263064
0.00058495655
0.0025855042
0.0030457238
0.004343398
0.002599711
0.003383208
0.0012294173
0.0019159708