0
-1.4797654
1.6527929
1.7529817
2.0694103
-3.0460808
1.8379867
0.12694573
2.4483984
1.3420308
2.1026547
0.49719054
1.0302869
-2.476701
-1.6580462
1.5495787
1.4252495
2.619922
1.9796675
0.9282317
1.7596722
1.1827759
2.0591614
0.047437835
2.031327
-1.8012171
0.92377627
-0.66897637
0.39014396
1.443606
1.856793
2.1746726
1.9293519
2.2485878
-0.98164535
-1.4570899
-0.52532953
0.5801709
3.0685148
-1.7757839
3.014748
2.7154527
-0.58734107
-1.8447344
-1.1465652
2.4203897
-1.7930514
-0.2631463
-0.20450026
0.12767479
-2.3494542
2.862307
-1.9260622
-0.6739205
1.5017926
-2.6977243
-0.22171241
1.1969889
1.098333
0.24155867
1.4900734
0.17002316
-2.8428504
-0.24871683
-2.3793628
1.0405653
-1.8526549
-2.0508904
0.09268886
0.824349
-2.2751436
2.6741757
-2.1490762
-0.88545287
-1.9183105
-1.3929694
-1.8727517
-0.6433505
-0.6979001
-0.4746106
-1.7637744
1.2630541
2.9103334
-2.0665376
-1.6665148
2.3918042
-1.5862557
0.4115344
2.9457412
-1.9121828
-2.8331573
1.5085514
-0.53227395
0.26843107
-3.0277486
1.1637405
-2.090916
-2.5129726
-1.8808692
1.8628881
-2.7799008
2.3488245
-2.5239818
-1.9185255
-0.58426625
1.9916753
2.0225213
0.58800066
-2.114969
0.22623934
-0.9691748
2.613257
0.6215414
2.1391037
-2.3646872
2.4103584
1.8305902
-0.5030581
2.2356753
0.23654035
-1.9196445
1.2203696
-2.345367
0.67461175
2.812652
2.2080219
-1.7256694
2.5128672
1.0300654
0.34019136
2.3722382
2.9735262
-1.9270282
-0.36205363
-2.2095761
1.6900823
-0.35023847
1.69506
-2.7138233
-2.2398455
-0.08171593
2.2236264
-0.1829785
2.0906434
-2.606448
-2.878331
-2.6817002
-1.2961304
3.0813549
1.8210146
-3.1010618
-0.3791475
-2.1647706
0.88026553
2.9372396
2.4474394
-1.4436799
2.8508759
-2.2380173
1.8027614
-2.652955
-0.57938814
1.9291885
0.21158315
0.31136763
3.100612
2.8235257
1.4631594
0.2926227
-1.9638247
0.259045
2.3627503
-2.5215142
-0.9620781
2.5173922
-1.4347267
1.8335826
-2.0588453
-1.8643231
-0.9154181
-2.457963
0.04552254
-1.0252917
1.7899969
-0.14998522
2.5391057
-1.4265316
1.3929473
2.5472748
-2.426046
0.42238092
-2.0046895
-1.6932168
1.1091216
-2.857444
-1.3667659
2.9858732
2.5784497
0.0064282645
2.1049156
2.543607
1.2257724
2.5235157
-1.9399786
1.1122133
-2.732005
3.1310778
0.08189271
-3.00514
-1.5809205
-2.4440262
1.2916927
-1.3062171
1.7473027
-1.7405705
2.595848
0.6551985
3.0619445
1.290611
-2.9293797
1.7272918
0.64268595
1.1811304
2.690318
2.6193948
0.9973378
1.7399807
0.8148821
0.61793524
2.7489746
1.7430114
2.5110936
1.3306862
-2.6585162
2.1090736
-1.3316747
2.4253113
-1.0251628
-1.828914
-0.4267797
-2.316088
0.6529863
1.1918551
2.3881443
-0.75178325
2.2787461
0.017568668
2.6538959
0.86801225
-2.34988
0.7480158
-1.3123472
-1.2442565
1.4038866
1.6627978
-2.4857352
-0.32937828
1.7890036
0.15732044
2.4472249
2.3212416
-2.1286817
1.531811
-1.2162623
2.3508916
2.051466
-2.9506092
-0.5966248
-2.1703548
0.9116378
-0.525215
1.8135507
-1.4293172
-2.796104
-0.59569055
-1.7434517
0.67859787
3.090255
2.3659992
-2.415766
-1.1895872
-0.72237194
-0.2864607
2.886688
-0.68976533
2.54472
-1.2515647
0.39542887
1.4981403
2.752378
1.9141072
-2.8784318
-1.7703669
-1.2389795
2.465041
-1.4493561
-1.0980047
0.6459654
-1.5497564
0.43051583
-0.74440813
1.7502091
-0.17345856
-2.9785273
-0.1856556
2.5755022
1.0044148
-2.8018372
1.7471315
-2.1846304
0.7920126
-1.8867831
-2.2627459
-0.18153091
3.0565321
-1.9074199
0.11431228
2.3769677
1.0815678
-2.792951
1.7342992
-2.095137
2.0081272
-0.34158957
-1.6862618
0.82650185
-2.3684106
0.6838069
0.18706858
1.8666642
-0.4760119
2.6475115
-0.87160325
2.497242
0.4348811
-2.6647356
1.5069587
-3.0739167
-2.0326724
-1.3499656
2.7622054
-0.06837697
1.3285984
-1.9704971
-0.85203606
2.2830908
-0.7572444
-2.334121
1.6354553
-2.4090223
2.7652695
-0.6575746
1.7102842
0.24647596
3.084737
-0.51303947
-1.6334188
0.8397252
-1.2019469
1.5280129
-2.097958
2.6359432
-0.2470004
3.0958457
0.47828296
-2.9595184
2.1859624
-2.0004814
-1.3031715
-0.7064429
2.9214895
2.06322
-2.4911053
-1.0116314
-1.4466945
-0.23235287
0.8943711
3.0927887
-2.742305
-1.3790408
2.613624
-0.41191003
-3.0774467
1.0042045
-2.460865
0.56221783
-1.7568748
-0.6784743
-0.4469134
2.6455472
-1.1680505
2.7811587
-0.13690941
-2.1716802
1.7843386
-2.8777094
1.9504386
-2.0452993
-3.0105293
-0.5062197
2.5529635
2.7509413
-2.0318959
-1.6009598
-1.0417907
1.0949084
1.848968
-2.185918
2.5320199
2.8965776
0.7214736
0.7303426
-3.1077194
0.105479375
-2.383184
2.83924
-0.9502475
1.6985312
-0.525128
2.4054468
-0.65051824
-3.1120477
0.8039225
2.9032106
1.4024525
3.0804648
2.9458547
-0.8114262
2.1082256
-1.1468209
2.3201354
1.8750776
-1.6311015
-0.9271437
-1.6844026
2.2115693
0.67817944
-2.2071338
-2.3718143
-0.5945447
2.2457914
-0.4286894
2.8327
2.51787
-2.0491784
1.4392496
-1.3233454
1.7615416
0.06612825
2.8381143
-0.8143107
-2.3241808
0.8875285
-2.623607
1.9292156
-2.1225245
2.5508225
-0.8506562
1.9129177
0.59480345
-3.0588393
2.1113849
-2.5890272
-0.36870176
0.32544532
2.484496
2.2888098
-1.4534076
2.7539792
-0.37515268
2.8442822
0.8284109
-2.6266065
2.601158
-1.5906131
2.3459556
-0.66090626
2.2951345
0.23004788
-2.3579268
0.41801655
-1.8907393
1.1352752
-1.7049012
2.6375122
-1.3518859
2.5011792
-0.7945639
2.649207
1.9410626
-2.70466
-0.15628673
-2.0333128
0.60937095
0.6990043
3.0999548
2.0377238
-2.2060692
2.630325
-0.5733807
2.72197
1.6474866
-2.4131734
2.0766766
-1.1352892
1.6465237
-0.6211679
2.7605796
-0.16239029
-2.30498
0.65924907
-2.3013823
1.9122232
-1.2083142
2.2355962
-1.2962859
2.1860354
0.9356847
3.0889533
-0.07135705
-2.4372368
0.40362015
0.026032997
1.145015
1.68569
2.7192452
2.3036172
-0.11202316
2.080728
1.158104
2.7132483
1.6339991
-1.7442625
1.5504891
-0.54933244
2.0724483
0.19513887
3.0311918
0.7064259
-1.4868978
0.6582431
-1.422017
1.8583714
-1.4084926
2.610893
-0.56356835
-2.937125
0.67809
2.9969916
2.8543878
-2.5450587
0.11131799
-0.11093959
1.5390916
1.9397006
-2.45316
-1.984011
-0.15688947
0.9338431
1.2754065
-2.783845
1.9631327
-1.5287608
1.1499068
-0.22373675
2.3714743
0.6048927
-2.5340357
-0.054832328
-1.7883055
1.2082356
-1.5091822
2.26765
-1.0780243
-3.0132692
-0.045747384
-3.1139398
1.0563705
-2.5071409
1.9404843
-1.2913312
1.0556753
0.20264505
2.5341952
3.0641103
-1.8678508
-0.57946724
0.07175801
2.1850073
1.5225929
-2.3149426
2.3228602
-1.0155132
1.873016
0.08930969
2.8967705
0.36494327
-2.2673593
0.6050872
-1.3855513
1.6197478
-1.361781
2.685341
-0.7444194
-2.9012434
0.34160125
-3.0262377
1.4701447
-2.1288726
1.885201
-0.8202966
1.5735171
0.79183483
3.0236995
-2.2989118
-1.3489622
0.029581174
0.5781563
2.6094422
1.9471252
-1.8953437
1.9514945
-0.55359155
2.1879196
0.5964316
-2.9464402
0.53100055
-1.8353745
0.9394541
-1.0183613
2.0103512
-1.1813644
2.8469326
0.16729988
-1.8437219
0.64071757
-2.5990467
1.5817152
-1.7856128
-2.427902
-0.39877525
2.1927912
0.46014184
-2.5653546
-1.6834129
-1.2388259
-0.49119815
0.7348476
-2.920957
0.9861297
-1.8331664
2.7240446
-0.47094926
2.6599784
0.9741504
-2.6149058
0.37322247
-1.3094934
1.3128196
-0.6791633
2.3134017
-0.4329419
-2.8456807
-0.049265943
-2.5619445
1.1239089
-2.25131
2.3460019
-1.1407292
1.5333095
-0.6447011
2.5821023
-2.4191332
-1.6630571
-1.7073357
-0.67753273
-1.9207897
1.0545624
-1.4586264
3.0298555
-1.1588258
1.5700026
0.61637187
-2.7795725
0.22331916
-2.537796
0.29510298
-0.5724831
2.0876846
-1.1053258
2.9482832
-0.30974966
-2.3820903
0.41948664
-2.7433088
1.5099847
-2.0096533
-3.132917
-0.9204029
1.9469615
0.63684225
2.7029788
-2.7605937
-1.8337717
-0.4368097
0.54210633
1.9311152
1.8306986
-2.1156025
0.24671382
-0.5878519
2.4937556
0.6797519
2.911088
2.5902503
-1.7685701
1.4352363
-0.67404145
2.1620388
-0.46336955
-2.8065643
0.30502236
-2.2664485
0.79104584
-2.454553
2.0743148
-1.6151942
2.562148
-0.3170421
2.128534
1.2915037
-2.9152281
-2.069735
-1.0221833
-1.5589464
0.96105134
1.8830303
2.278437
-2.207693
-2.4488738
-0.062015984
2.5394764
0.9150808
-2.7709217
1.9282441
-1.6485747
1.8003511
-0.5885673
2.6721392
-0.3812159
-2.8052022
0.04947514
-2.021537
1.1548536
-2.4412513
2.3829198
-1.2295461
2.7858284
-0.42114097
2.2534273
1.7134954
-2.1954436
1.7701709
-0.6207507
0.61980146
1.8750802
2.9675176
2.4570658
-0.684938
-2.0229576
0.3280942
2.623174
1.7253548
-1.9021438
1.9976206
-1.1355741
1.8648918
-0.93928605
-2.8460414
-0.48901403
-2.3274758
0.44237784
-1.6365576
1.6995367
-1.3219002
2.6348288
-0.7711209
2.0412323
1.1475023
-2.877618
1.4205676
-1.9717441
-0.68486536
0.20694607
2.3568442
1.8988364
-2.760783
-2.8859448
-0.39754972
2.1320586
1.0014807
2.8043883
2.2334037
-1.7666225
1.3965415
-1.0206392
2.651246
0.088631585
-2.9315271
-0.46806765
-2.03622
1.0947168
-1.5043329
1.9249712
-1.4523509
2.9013937
-0.11505054
2.9100094
1.0449365
-2.8154655
2.0216808
-1.0649885
0.9555359
0.6626329
2.345618
1.9981658
-2.5934663
0.49745327
0.10894074
2.6084094
1.4536511
-2.5693307
1.8195587
-1.3446686
1.9161085
-0.24352697
2.6201189
-0.09368541
-2.3680928
0.20802584
-1.8400561
1.2118983
-1.0670539
2.4473937
-0.8932493
2.9418147
0.085842386
2.9283714
1.2039291
-2.3448968
1.7526244
-1.1003157
0.27347016
1.0172276
2.1779778
-2.8010697
-0.95954114
1.7177691
0.2538929
2.5722468
1.9883395
-2.1074562
1.9196086
-0.9687964
2.1518488
0.7612471
-3.1148021
-0.034275696
-2.12514
0.79919577
-0.95557946
1.7907288
-1.3837453
2.9681787
-0.598701
-2.4646952
0.603695
-3.0359478
1.8094153
-2.135576
-1.2973465
-0.59705734
1.2766186
1.6867108
-2.1785161
-3.0536737
-1.0950801
0.2181506
1.168678
2.927792
2.0962586
-2.103819
-2.88357
-0.48676875
2.4496715
0.35775164
-2.697009
0.5747049
-1.6562368
0.9242801
-0.9190265
2.034032
-0.82043517
-3.011869
-0.1875891
3.070382
0.9701304
-2.6945853
1.9209963
-1.8228713
1.3409808
-0.49015966
3.0829027
0.77936864
-2.6747234
-1.9167147
-0.10370563
1.7893667
1.2160062
-2.686611
2.178809
-1.4653344
2.0935571
0.015318707
3.0928488
0.855383
-2.3905656
0.7081663
-1.1857443
1.5761329
-0.65712774
2.6058025
-0.7966875
-2.9132557
0.29727218
-2.6600695
1.4109691
-2.4654944
2.6534836
-1.0857286
2.2612505
0.27172488
2.460873
-2.3556826
-1.4903567
3.122634
-0.33470163
2.5167868
1.7300272
-2.2707317
2.915579
-0.7244924
2.0685835
0.404864
-3.1310742
0.834534
-1.8774565
0.9503627
-1.0862541
1.7686102
-1.0713041
2.875827
-0.33069333
-2.6132965
0.58183014
-2.7299628
1.8987744
-1.9137152
2.8487744
-0.63893616
2.3864675
1.022712
-2.8929718
-1.338713
-1.4208404
-0.28187355
0.73691726
2.8614187
2.428197
-1.5363947
3.1253104
-0.31415054
2.8302305
0.891474
-2.6029904
1.0382264
-1.6310833
1.0955646
-0.58511096
2.4420998
-0.7917238
3.1356988
-0.06178347
-2.1261508
1.3305409
-2.650082
2.1066716
-1.5273153
3.074261
-0.35221884
2.4755476
1.4314008
-2.421872
-1.8334335
-0.99387383
0.84591323
1.4742467
-2.6354916
2.6361299
-1.374643
2.9580164
0.37021276
3.0607474
0.92428267
-2.3339899
1.6729532
-1.0825336
1.6926749
-0.39170876
2.6376448
-0.43955463
-2.6773818
0.5925488
-2.7367468
1.4343724
-2.289378
2.7111025
-0.89867204
2.3034537
-0.102987885
2.7202513
1.8002378
-1.9117875
-0.9890302
-0.7618261
1.7821214
1.2522826
-2.436222
-2.7227056
-0.6957151
2.4793944
0.25206354
2.9887505
1.9378082
-1.9495096
1.4966235
-0.9681093
1.9569768
-0.02413516
3.0426965
-0.30655974
-2.183685
0.82457376
-2.0709229
1.8848932
-1.8687456
2.7245672
-0.69154316
2.2417023
0.66245306
-3.0471113
2.17999
-2.1036484
-0.22751051
0.2528024
2.2195182
2.2316897
-1.8353367
-2.8157454
-0.34471336
2.825844
0.94283193
-2.6529791
2.1450098
-1.503936
1.9221344
-0.492394
2.3952928
0.1669105
-2.558088
0.31370106
-1.822835
1.1404287
-1.6248058
2.3993943
-1.2815101
2.7649882
-0.4247508
2.7863014
1.3691323
-2.6332862
0.20876122
-1.3018568
0.60393554
0.61496204
2.7984135
2.5427735
-1.6334288
3.0681312
-0.080505915
2.7584195
1.5351971
-2.311997
2.122898
-1.0776031
1.8126781
-0.052386537
2.8103304
0.028318627
-2.3037164
0.59346867
-1.6732258
1.7172017
-1.3027718
2.4452302
-1.0751214
2.727352
0.60181624
3.0688436
1.3610997
-2.2874386
0.6941884
-0.35951325
1.136577
1.4967829
2.9248223
2.6380286
-0.5685925
2.1562688
0.6798137
2.8336174
1.8194206
-1.7891842
1.8966783
-0.6040288
2.1736436
0.3005112
-3.1006694
0.5281996
-1.7512282
0.79195166
-1.2789949
1.932459
-1.3150735
2.8908327
-0.50357556
-2.839007
0.7241382
-3.0613182
2.3986146
-2.077979
0.16818495
-0.1761112
1.6915158
1.8125829
-2.559806
-2.2284245
-0.3968669
0.80566394
1.1442577
-2.7512007
2.1238053
-1.4554003
1.6882752
-0.2118643
2.5015163
0.6312375
-2.5637593
0.22733372
-1.6427912
1.2815633
-1.2049993
2.3223944
-1.0028632
-2.9287894
-0.02586806
-2.9130025
1.1196994
-2.481941
2.2678106
-1.2960397
1.144521
0.20102666
2.4491737
2.6925142
-1.9606384
-1.6393639
0.004639106
1.9675529
1.5084207
-2.3081775
2.5211356
-1.0067972
2.0712326
0.1452739
2.9507465
0.7113592
-2.2114453
0.71547925
-1.2709193
1.6717802
-1.0568087
2.7414868
-0.6645281
-2.7161093
0.3902319
-2.8332853
1.5404217
-2.1206133
2.457498
-0.8295107
1.6011024
0.7251708
2.9615812
-2.791068
-1.4542947
-0.60249746
0.48605013
2.5310302
1.9738176
-1.8793343
2.5335395
-0.5720375
2.3373716
0.60880786
-2.9205508
0.7871717
-1.8106768
1.0313582
-0.884986
2.0657105
-0.8358075
2.9945507
-0.066719316
-2.0563366
0.76465285
-2.5311038
1.7932452
-1.7195194
-3.0066586
-0.3781659
2.1166809
0.8900442
-2.6989744
-2.203611
-1.1056551
-0.2994757
0.8491044
-3.0114143
1.9173131
-1.6842945
2.929029
-0.23693408
2.744722
0.99730235
-2.5731184
0.74135655
-1.3453512
1.4028003
-0.5654044
2.4267974
-0.45850593
-2.7837472
0.036334954
-2.297033
1.1862208
-2.232662
2.3836331
-1.1741048
2.0583007
-0.16788761
2.5452805
3.112073
-1.9838799
-1.675311
-0.5962398
0.29962036
1.2733551
-1.9423001
2.9377844
-1.0902926
1.9395852
0.41301128
-2.9417922
1.1834071
-2.3028698
0.9003927
-0.7929956
1.9838207
-0.6823041
2.9139144
-0.27835295
-2.3473787
0.46710443
-2.3987916
1.5846828
-1.9612808
2.981191
-0.84411526
2.1670613
0.5600295
2.793813
3.0216696
-1.8354753
-0.6125104
0.24635307
1.6771127
1.8934107
-2.1849735
-2.8673935
-0.5564028
2.6567442
0.7267821
3.1297252
1.8573557
-1.7177166
1.4913287
-0.6241844
2.1917827
-0.26742002
-2.8975651
0.19626933
-2.139067
0.8276866
-2.137654
2.0921633
-1.5553993
2.7523167
-0.3518712
2.3865788
1.1303068
-2.9015405
-2.9442174
-1.1798868
-0.5992923
0.794316
2.0686073
2.3192437
-2.0727217
-2.4874141
-0.042189457
2.6859825
1.0654716
-2.600346
1.9179736
-1.4280578
1.7695664
-0.36196655
2.6605823
-0.120285474
-2.6784077
0.1831966
-1.8096733
1.2311512
-2.0635948
2.4338024
-1.1668618
2.9811137
-0.08724963
2.4845784
1.5827012
-2.2770898
2.3881826
-0.7513606
0.64357495
1.474647
2.9320006
2.737258
-0.888844
-2.0418346
0.35041413
2.743775
1.6538365
-1.9529041
2.0296495
-1.0056043
1.9185004
-0.34718576
-3.035637
-0.21251409
-2.2433202
0.5651177
-1.455848
1.7175215
-1.3781803
2.7354722
-0.7258477
2.673917
0.7563988
-2.9453604
1.7025644
-1.9684618
-0.949027
-0.11845833
1.8866343
1.7401096
-2.80973
-2.8265197
-0.5204165
2.6511362
0.89749056
-3.1347704
2.1430488
-1.6963453
1.7202501
-0.65594673
2.5504425
0.27499932
-2.8826468
-0.037138034
-1.8950541
1.0929122
-1.2968035
2.022402
-1.326615
3.0689025
-0.19049415
-3.1385007
1.0047858
-2.7632267
2.1776807
-1.3337612
0.80594176
0.27163598
2.219409
2.124864
-2.3463848
-1.8582653
-0.03163152
2.6727233
1.3736292
-2.5032854
2.1416557
-1.259001
2.0297787
-0.12534575
2.693085
0.37204742
-2.401059
0.42208064
-1.6135048
1.3478354
-0.9501515
2.4937637
-0.8736103
-2.9838321
0.122029
-3.121594
1.3041393
-2.3217688
2.404536
-1.077273
0.55928016
0.8021777
2.3351393
-3.1149113
-1.2601967
-2.4857528
0.26296195
2.5297163
1.9115874
-2.113343
2.3757374
-0.87834597
2.2262068
0.5208879
-3.1086264
0.43979952
-2.0766938
0.85809577
-0.98427427
1.7999563
-1.2353725
2.9673452
-0.5554418
-2.445612
0.5938992
-2.8787558
1.7844611
-2.0382407
-2.6405425
-0.5879157
1.5918263
1.254105
-2.6704712
-2.9226868
-1.1232035
-0.21115756
0.9655777
3.0091386
2.1620696
-1.8669924
3.1029572
-0.44731978
2.5542104
0.66763484
-2.6889334
0.77766
-1.6636171
1.0851848
-0.8213014
2.138313
-0.74700916
-2.9584804
-0.15842421
-2.7155154
0.9910274
-2.5951004
2.064898
-1.6882288
2.280588
-0.22551984
2.7281034
1.3573161
-2.6164446
-2.113896
-0.2511894
0.86444676
1.2576957
-2.6484876
2.401038
-1.3464249
2.4221702
0.10672635
3.0435758
0.98827904
-2.3778968
0.857708
-1.2134196
1.5999019
-0.5707328
2.6118436
-0.69102633
-2.6824317
0.30483517
-2.5011399
1.4179599
-2.3289475
2.605899
-1.0561299
2.3430948
0.31801993
2.555053
-3.1225667
-1.7853796
-1.9071764
-0.20562543
1.4549799
1.7821242
-2.2445068
2.9804275
-0.72028345
2.4374154
0.48492825
-3.0653064
1.2854656
-1.9000095
1.1082362
-0.98577964
1.879643
-0.5837636
2.9852593
-0.29701826
-2.3528864
0.6507374
-2.4758024
1.873838
-1.8708966
2.9883444
-0.5929937
2.406443
0.8709449
-3.0515888
-2.267243
-1.426961
-0.5618205
0.6684141
2.5739393
2.2462509
-1.6194059
-2.948827
-0.26388597
2.9302168
0.89622307
-2.6349514
1.4329176
-1.5677639
1.4104459
-0.5630691
2.4398093
-0.46139592
-2.9729388
0.017762324
-1.974178
1.207114
-2.4586227
2.1881497
-1.409869
3.110386
-0.29489252
2.4732428
1.3575144
-2.5349972
-2.423107
-1.05412
0.4881039
1.2795126
-2.9452264
2.6337197
-1.3328712
-2.6430967
0.29272237
3.052342
1.1768163
-2.2922666
1.9463972
-1.1237102
1.7543827
-0.23911323
2.7498734
-0.19191912
-2.5478468
0.5413037
-2.156889
1.4750351
-2.0066133
2.658122
-0.9126312
2.668278
0.11603394
2.7851572
1.739054
-2.0411882
-1.4062607
-0.63379574
1.3982257
1.3964334
-2.6304178
-2.944865
-0.75005263
3.045942
0.4466468
3.0876846
1.8429908
-1.9103814
1.7905347
-0.81885105
2.0670788
0.110650815
3.137433
-0.05728744
-2.0698833
0.8519158
-1.6565518
1.8872066
-1.7075886
2.8722699
-0.61246496
2.6475427
0.69216186
-3.034022
2.2161486
-1.9245975
-0.37883195
0.19913152
2.0663843
2.1226032
-2.0828655
-2.6461816
-0.33823135
3.0969346
0.9963948
-2.6452625
2.1700923
-1.4674664
2.0486536
-0.40200937
2.4679022
0.37093472
-2.6067672
0.3554464
-1.7311717
1.1657764
-1.3632567
2.3650064
-1.2052708
2.9965792
-0.27761763
3.031245
1.3022069
-2.583855
2.303538
-1.2772592
0.44183412
0.4983729
2.574474
2.606106
-1.5707517
-2.803001
0.044648577
2.86301
1.5667222
-2.2440548
2.2987638
-1.0448819
2.008476
0.052306578
2.855538
0.29200187
-2.2619078
0.63475746
-1.4026647
1.6717571
-1.2046026
2.5624504
-0.94763494
-3.063171
0.49425644
3.0958455
1.6018124
-2.2374182
2.9231594
-0.60265875
0.9884709
1.3349737
2.9437227
2.7893665
-0.8162157
2.7298317
0.6238721
2.8838036
1.9074719
-1.7944354
2.319998
-0.6046046
2.2583373
0.40852293
-3.0416944
0.75907356
-1.803218
0.8716223
-1.1032422
1.983618
-1.1339673
3.0026934
-0.48145506
-2.5929685
0.7704759
-2.897928
2.2144775
-1.9490201
0.07442902
-0.21785533
1.7144758
1.6483512
-2.7086425
-2.3296359
-0.52792746
0.30972853
1.1019648
-2.7060184
2.2226768
-1.410376
2.24574
-0.18364036
2.6188092
0.7254418
-2.5539846
0.4485732
-1.535736
1.3634318
-0.8975924
2.3606966
-0.87224454
-2.838603
0.010265673
-2.5923512
1.1672937
-2.4233675
2.3856692
-1.3114641
1.3809094
0.16278628
2.367148
2.4996028
-2.0383432
-1.9153949
-0.060771503
0.71536434
1.4771824
-2.2893143
2.634724
-1.0007923
2.3677351
0.18090633
3.0160851
0.98523545
-2.1552117
0.86337596
-1.1876737
1.7306532
-0.69036114
2.7911353
-0.5649432
-2.604383
0.4475568
-2.5368145
1.595536
-2.116571
2.7703679
-0.84243196
1.675553
0.66272
2.9069238
-3.1241012
-1.5445844
-1.1230766
0.39632845
2.3230588
1.975584
-1.8551791
2.804639
-0.5963339
2.5683153
0.64887184
-2.8750224
1.0573031
-1.7775923
1.1402193
-0.76604384
2.119069
-0.47224328
3.0565941
-0.034937255
-2.0382042
0.8428183
-2.3913198
1.8891007
-1.6873806
-2.9362547
-0.3694758
2.0794842
0.9771975
-2.7625859
-2.583827
-1.1771343
-0.4293989
0.8519545
-3.0254672
2.1872215
-1.617499
-3.0171852
-0.12780377
2.8826187
1.0563467
-2.5317523
1.190883
-1.3190147
1.5052375
-0.42476478
2.50781
-0.3387841
-2.7285862
0.12035921
-2.0517125
1.2492559
-2.1622684
2.4489956
-1.163572
2.8196921
-0.043625694
2.52139
2.362015
-2.1541896
-1.7592278
-0.6230668
0.43790132
1.2897552
-2.2706628
2.9160995
-1.0761577
2.6806612
0.37574697
-2.9556696
1.3828318
-2.2025352
1.336162
-0.8429795
1.9901336
-0.41224843
2.9125738
-0.14536428
-2.288335
0.5142026
-2.0109181
1.6351627
-1.9114069
2.984073
-0.80191594
2.6055696
0.54926485
2.8325484
2.5741751
-1.8566576
-0.9390828
0.07509528
1.330177
1.8810875
-2.3202572
-2.8532774
-0.5484365
3.071105
0.76567644
-3.0452821
1.8618543
-1.6772119
1.6892014
-0.5663492
2.2353325
-0.043264374
-2.913241
0.25431818
-2.0450816
0.8458034
-1.7641267
2.138147
-1.4856765
2.889955
-0.36286208
2.7876387
1.0861831
-2.9055476
2.633314
-1.2547727
-0.4189453
0.6917896
1.9102844
2.261301
-2.1071823
-2.5036573
-0.011440543
2.940167
1.1303968
-2.5166693
2.0538726
-1.3231528
1.8729401
-0.22231163
2.6862826
0.13532858
-2.5870433
0.2990596
-1.6366671
1.2804397
-1.6642396
2.4857452
-1.1133342
-3.0723906
0.036161244
2.7171063
1.5839391
-2.2689526
2.920436
-0.81686056
0.56371653
1.2914999
2.8097034
2.7849607
-0.96494615
-2.056073
0.3615591
2.8384757
1.6642843
-1.938406
2.2077754
-0.9175038
1.9793174
-0.089949936
-3.074063
0.10529981
-2.176474
0.6634311
-1.2796444
1.7459155
-1.2650274
2.8144543
-0.6881808
-2.976093
0.6440555
-2.917917
1.807309
-1.9719079
-1.7929726
-0.2846948
1.5294244
1.6363472
-2.944611
-2.8577693
-0.5983435
-1.9914587
0.8616988
-2.960888
2.119454
-1.644773
2.1340008
-0.52492803
2.5491328
0.43754596
-2.8371387
0.31695035
-1.8018402
1.128759
-1.0600301
2.094339
-1.1817496
-3.100057
-0.19834039
-2.7613218
0.9982461
-2.7083404
2.2515755
-1.4267923
0.5718035
0.14171204
2.0872533
2.1005406
-2.3836095
-2.2491715
-0.10888296
-2.8940375
1.335048
-2.4530764
2.321247
-1.2104319
2.267823
-0.058297746
2.7617912
0.67434424
-2.3883402
0.63670933
-1.468187
1.4430728
-0.6925498
2.5290656
-0.81241584
-2.7667825
0.15356825
-2.767262
1.3643832
-2.2836163
2.6180809
-1.0818934
0.3016534
0.6526129
2.3659003
2.9075341
-1.4696158
-1.7225729
0.24717972
1.8184527
1.9060826
-2.1420372
2.6932611
-0.81946003
2.3768725
0.47893283
-3.0690207
0.8467642
-2.0302017
0.9608269
-0.9373872
1.80863
-1.0189742
2.9992063
-0.4925458
-2.35118
0.5980674
-2.6553402
1.7896744
-1.9727129
-2.8779438
-0.5988564
1.9772236
1.0181026
-2.7978053
-2.9249756
-1.2089715
-0.6838626
0.7905167
3.0899622
2.2024083
-1.732886
3.1377635
-0.45329437
2.741734
0.82622683
-2.6394606
1.012102
-1.6622411
1.2270186
-0.7152377
2.2073267
-0.55104613
-2.904197
-0.11505054
-2.2970347
1.0169363
-2.466134
2.1675751
-1.6153271
3.1409957
-0.12368814
2.6595104
1.5126098
-2.6109517
-2.3485444
-0.37815368
-0.055685624
1.2713729
-2.5848749
2.5163383
-1.3049225
2.869731
0.18492706
3.1271274
1.1090146
-2.3662207
1.0850384
-1.193115
1.6553663
-0.45083514
2.6162016
-0.55152625
-2.5556767
0.34245688
-2.2730024
1.4397956
-2.2424219
2.6259077
-1.0301688
2.7171726
0.33227345
2.593183
2.4490259
-1.9774152
-1.9455156
-0.17786568
0.7425288
1.8374988
-2.2322881
3.0140517
-0.70951235
3.019142
0.54915607
-2.982758
1.5335222
-1.8961686
1.3356179
-0.90776134
1.9724554
-0.22133029
3.067383
-0.22141246
-2.1884155
0.72427917
-2.150012
1.8856332
-1.8440723
3.1011753
-0.5372872
2.66842
0.80138683
3.0995023
2.990611
-1.4290886
-0.9711256
0.6305049
2.0773501
2.1391723
-1.6823539
-2.848042
-0.20708773
-3.072912
0.9081563
-2.6450787
1.7499825
-1.5184982
1.7212331
-0.540207
2.4781728
-0.11863187
-2.8524857
0.11557827
-1.8481854
1.1554853
-2.232191
2.2461662
-1.3102618
-3.0979824
-0.27719316
2.5148606
1.335939
-2.596803
-2.9690495
-1.1490659
-1.8820044E-11
1.1490659
2.9690495
2.596803
-1.335939
-2.5148606
0.27719316
3.0979824
1.3102618
-2.2461662
2.232191
-1.1554853
1.8481854
-0.11557827
2.8524857
0.11863187
-2.4781728
0.540207
-1.7212331
1.5184982
-1.7499825
2.6450787
-0.9081563
3.072912
0.20708773
2.848042
1.6823539
-2.1391723
-2.0773501
-0.6305049
0.9711256
1.4290886
-2.990611
-3.0995023
-0.80138683
-2.66842
0.5372872
-3.1011753
1.8440723
-1.8856332
2.150012
-0.72427917
2.1884155
0.22141246
-3.067383
0.22133029
-1.9724554
0.90776134
-1.3356179
1.8961686
-1.5335222
2.982758
-0.54915607
-3.019142
0.70951235
-3.0140517
2.2322881
-1.8374988
-0.7425288
0.17786568
1.9455156
1.9774152
-2.4490259
-2.593183
-0.33227345
-2.7171726
1.0301688
-2.6259077
2.2424219
-1.4397956
2.2730024
-0.34245688
2.5556767
0.55152625
-2.6162016
0.45083514
-1.6553663
1.193115
-1.0850384
2.3662207
-1.1090146
-3.1271274
-0.18492706
-2.869731
1.3049225
-2.5163383
2.5848749
-1.2713729
0.055685624
0.37815368
2.3485444
2.6109517
-1.5126098
-2.6595104
0.12368814
-3.1409957
1.6153271
-2.1675751
2.466134
-1.0169363
2.2970347
0.11505054
2.904197
0.55104613
-2.2073267
0.7152377
-1.2270186
1.6622411
-1.012102
2.6394608
-0.82622683
-2.741734
0.45329437
-3.1377635
1.732886
-2.2024083
-3.0899622
-0.7905167
0.6838626
1.2089715
2.9249756
2.7978053
-1.0181026
-1.9772236
0.5988564
2.8779438
1.9727129
-1.7896744
2.6553402
-0.5980674
2.35118
0.4925458
-2.9992063
1.0189742
-1.80863
0.9373872
-0.9608269
2.0302017
-0.8467642
3.0690207
-0.47893283
-2.3768725
0.81946003
-2.6932611
2.1420372
-1.9060826
-1.8184527
-0.24717972
1.7225729
1.4696158
-2.9075341
-2.3659003
-0.6526129
-0.3016534
1.0818934
-2.6180809
2.2836163
-1.3643832
2.767262
-0.15356825
2.7667825
0.81241584
-2.5290656
0.6925498
-1.4430728
1.468187
-0.63670933
2.3883407
-0.67434424
-2.7617912
0.058297746
-2.267823
1.2104319
-2.321247
2.4530764
-1.335048
2.8940372
0.10888296
2.2491727
2.3836095
-2.1005406
-2.0872533
-0.14171204
-0.5718035
1.4267923
-2.2515755
2.7083404
-0.9982461
2.7613218
0.19834039
3.100057
1.1817496
-2.094339
1.0600301
-1.128759
1.8018402
-0.31695035
2.8371387
-0.43754596
-2.5491328
0.52492803
-2.1340008
1.6447726
-2.119454
2.960888
-0.8616988
1.9914587
0.5983435
2.8577693
2.944611
-1.6363472
-1.5294244
0.2846948
1.7929726
1.9719079
-1.807309
2.917917
-0.6440555
2.976093
0.6881808
-2.8144543
1.2650274
-1.7459155
1.2796444
-0.6634311
2.176474
-0.10529981
3.074063
0.089949936
-1.9793174
0.9175038
-2.2077754
1.938406
-1.6642843
-2.8384757
-0.3615591
2.056073
0.96494615
-2.7849607
-2.8097034
-1.2914999
-0.56371653
0.8168611
-2.920436
2.2689526
-1.5839391
-2.7171063
-0.036161244
3.0723906
1.1133342
-2.4857452
1.6642396
-1.2804397
1.6366671
-0.2990596
2.5870433
-0.13532858
-2.6862826
0.22231163
-1.8729401
1.3231528
-2.0538726
2.5166693
-1.1303968
-2.940167
0.011440543
2.5036573
2.1071823
-2.261301
-1.9102844
-0.6917896
0.4189453
1.2547727
-2.633314
2.9055476
-1.0861831
-2.7876387
0.36286208
-2.889955
1.4856765
-2.138147
1.7641267
-0.8458034
2.0450816
-0.25431818
2.913241
0.043264374
-2.2353325
0.5663492
-1.6892014
1.6772119
-1.8618543
3.0452821
-0.76567644
-3.071105
0.5484365
2.8532774
2.3202572
-1.8810875
-1.330177
-0.07509528
0.9390828
1.8566576
-2.5741751
-2.8325484
-0.54926485
-2.6055696
0.80191594
-2.984073
1.9114069
-1.6351627
2.0109181
-0.5142026
2.288335
0.14536428
-2.9125738
0.41224843
-1.9901336
0.8429795
-1.336162
2.2025352
-1.3828318
2.9556696
-0.37574697
-2.6806612
1.0761577
-2.9160995
2.2706628
-1.2897552
-0.43790132
0.6230668
1.7592278
2.1541896
-2.362015
-2.52139
0.043625694
-2.8196921
1.163572
-2.4489956
2.1622684
-1.2492559
2.0517125
-0.12035921
2.7285862
0.3387841
-2.50781
0.42476478
-1.5052375
1.3190147
-1.190883
2.5317523
-1.0563467
-2.8826187
0.12780377
3.0171852
1.617499
-2.1872215
3.0254672
-0.8519545
0.4293989
1.1771343
2.583827
2.7625859
-0.9771975
-2.0794842
0.3694758
2.9362547
1.6873806
-1.8891007
2.3913198
-0.8428183
2.0382042
0.034937255
-3.0565941
0.47224328
-2.119069
0.76604384
-1.1402193
1.7775923
-1.0573031
2.8750224
-0.64887184
-2.5683153
0.5963339
-2.804639
1.8551791
-1.975584
-2.3230588
-0.39632845
1.1230766
1.5445844
3.1241012
-2.9069238
-0.66272
-1.675553
0.84243196
-2.7703679
2.116571
-1.595536
2.5368145
-0.4475568
2.604383
0.5649432
-2.7911353
0.69036114
-1.7306532
1.1876737
-0.86337596
2.1552117
-0.98523545
-3.0160851
-0.18090633
-2.3677351
1.0007923
-2.634724
2.2893143
-1.4771824
-0.71536434
0.060771503
1.9153949
2.0383432
-2.4996028
-2.367148
-0.16278628
-1.3809094
1.3114641
-2.3856692
2.4233675
-1.1672937
2.5923512
-0.010265673
2.838603
0.87224454
-2.3606966
0.8975924
-1.3634318
1.535736
-0.4485732
2.5539846
-0.7254418
-2.6188092
0.18364036
-2.24574
1.410376
-2.2226768
2.7060184
-1.1019648
-0.30972853
0.52792746
2.3296359
2.7086425
-1.6483512
-1.7144758
0.21785533
-0.07442902
1.9490201
-2.2144775
2.897928
-0.7704759
2.5929685
0.48145506
-3.0026934
1.1339673
-1.983618
1.1032422
-0.8716223
1.803218
-0.75907356
3.0416944
-0.40852293
-2.2583373
0.6046046
-2.319998
1.7944354
-1.9074719
-2.8838036
-0.6238721
-2.7298317
0.8162157
-2.7893665
-2.9437227
-1.3349737
-0.9884709
0.60265875
-2.9231594
2.2374182
-1.6018124
-3.0958455
-0.49425644
3.063171
0.94763494
-2.5624504
1.2046026
-1.6717571
1.4026647
-0.63475746
2.2619078
-0.29200187
-2.855538
-0.052306578
-2.008476
1.0448819
-2.2987638
2.2440548
-1.5667222
-2.86301
-0.044648577
2.803001
1.5707517
-2.606106
-2.574474
-0.4983729
-0.44183412
1.2772592
-2.303538
2.583855
-1.3022069
-3.031245
0.27761763
-2.9965792
1.2052708
-2.3650064
1.3632567
-1.1657764
1.7311717
-0.3554464
2.6067672
-0.37093472
-2.4679022
0.40200937
-2.0486536
1.4674664
-2.1700923
2.6452625
-0.9963948
-3.0969346
0.33823135
2.6461816
2.0828633
-2.1226032
-2.0663843
-0.19913152
0.37883195
1.9245975
-2.2161486
3.034022
-0.69216186
-2.6475427
0.61246496
-2.8722699
1.7075886
-1.8872067
1.6565518
-0.8519158
2.0698833
0.05728744
-3.137433
-0.11065095
-2.0670788
0.81885105
-1.7905347
1.9103814
-1.8429908
-3.0876846
-0.4466468
-3.045942
0.75005263
2.944865
2.6304178
-1.3964334
-1.3982257
0.63379574
1.4062607
2.0411882
-1.739054
-2.7851572
-0.11603394
-2.668278
0.9126312
-2.658122
2.0066133
-1.4750351
2.156889
-0.5413037
2.5478468
0.19191912
-2.7498734
0.23911323
-1.7543827
1.1237102
-1.9463972
2.2922666
-1.1768163
-3.052342
-0.29272237
2.6430967
1.3328712
-2.6337197
2.9452264
-1.2795126
-0.4881039
1.05412
2.423107
2.5349972
-1.3575144
-2.4732428
0.29489252
-3.110386
1.409869
-2.1881497
2.4586227
-1.207114
1.974178
-0.017762324
2.9729388
0.46139592
-2.4398093
0.5630691
-1.4104459
1.5677639
-1.4329176
2.6349514
-0.89622307
-2.9302168
0.26388597
2.948827
1.6194059
-2.2462509
-2.5739393
-0.6684141
0.5618205
1.426961
2.267243
3.0515888
-0.8709449
-2.406443
0.5929937
-2.9883444
1.8708966
-1.873838
2.4758024
-0.6507374
2.3528864
0.29701826
-2.9852593
0.5837636
-1.879643
0.98577964
-1.1082362
1.9000095
-1.2854656
3.0653064
-0.48492825
-2.4374154
0.72028345
-2.9804275
2.2445068
-1.7821242
-1.4549799
0.20562543
1.9071764
1.7853796
3.1225667
-2.555053
-0.31801993
-2.3430948
1.0561299
-2.605899
2.3289475
-1.4179599
2.5011399
-0.30483517
2.6824317
0.69102633
-2.6118436
0.5707328
-1.5999019
1.2134196
-0.857708
2.3778968
-0.98827904
-3.0435758
-0.10672635
-2.4221702
1.3464249
-2.401038
2.6484876
-1.2576957
-0.86444676
0.2511894
2.113896
2.6164455
-1.3573161
-2.7281034
0.22551984
-2.280588
1.6882288
-2.064898
2.5951004
-0.9910274
2.7155154
0.15842421
2.9584804
0.74700916
-2.138313
0.8213014
-1.0851848
1.6636171
-0.77766
2.6889334
-0.66763484
-2.5542104
0.44731978
-3.1029572
1.8669924
-2.1620696
-3.0091386
-0.9655777
0.21115756
1.1232035
2.9226868
2.6704712
-1.254105
-1.5918263
0.5879157
2.6405425
2.0382407
-1.7844611
2.8787558
-0.5938992
2.445612
0.5554418
-2.9673452
1.2353725
-1.7999563
0.98427427
-0.85809577
2.0766938
-0.43979952
3.1086264
-0.5208879
-2.2262068
0.87834597
-2.3757374
2.113343
-1.9115874
-2.5297163
-0.26296195
2.4857528
1.2601967
3.1149113
-2.3351393
-0.8021777
-0.55928016
1.077273
-2.404536
2.3217688
-1.3041393
3.121594
-0.122029
2.9838321
0.8736103
-2.4937637
0.9501515
-1.3478354
1.6135048
-0.42208064
2.401059
-0.37204742
-2.693085
0.12534575
-2.0297787
1.259001
-2.1416557
2.5032854
-1.3736292
-2.6727233
0.03163152
1.8582653
2.3463848
-2.124864
-2.219409
-0.27163598
-0.80594176
1.3337612
-2.1776807
2.7632267
-1.0047858
3.1385007
0.19049415
-3.0689025
1.326615
-2.022402
1.2968035
-1.0929122
1.8950541
0.037138034
2.8826468
-0.27499932
-2.5504425
0.65594673
-1.7202501
1.6963453
-2.1430488
3.1347704
-0.89749056
-2.6511362
0.5204165
2.8265197
2.80973
-1.7401096
-1.8866343
0.11845833
0.949027
1.9684618
-1.7025644
2.9453604
-0.7563988
-2.673917
0.7258477
-2.7354722
1.3781803
-1.7175215
1.455848
-0.5651177
2.2433202
0.21251409
3.035637
0.34718576
-1.9185004
1.0056043
-2.0296495
1.9529041
-1.6538365
-2.743775
-0.35041413
2.0418346
0.888844
-2.737258
-2.9320006
-1.474647
-0.64357495
0.7513606
-2.3881826
2.2770898
-1.5827012
-2.4845784
0.08724963
-2.9811137
1.1668618
-2.4338024
2.0635948
-1.2311512
1.8096733
-0.1831966
2.6784077
0.120285474
-2.6605823
0.36196655
-1.7695664
1.4280578
-1.9179736
2.600346
-1.0654716
-2.6859825
0.042189457
2.4874141
2.0727217
-2.3192437
-2.0686073
-0.794316
0.5992923
1.1798868
2.9442174
2.9015405
-1.1303068
-2.3865788
0.3518712
-2.7523167
1.5553993
-2.0921633
2.137654
-0.8276866
2.139067
-0.19626933
2.8975651
0.26742002
-2.1917827
0.6241844
-1.4913287
1.7177166
-1.8573557
-3.1297252
-0.7267821
-2.6567442
0.5564028
2.8673935
2.1849735
-1.8934107
-1.6771127
-0.24635307
0.6125104
1.8354753
-3.0216696
-2.793813
-0.5600295
-2.1670613
0.84411526
-2.981191
1.9612808
-1.5846828
2.3987916
-0.46710443
2.3473787
0.27835295
-2.9139144
0.6823041
-1.9838207
0.7929956
-0.9003927
2.3028698
-1.1834071
2.9417922
-0.41301128
-1.9395852
1.0902926
-2.9377844
1.9423001
-1.2733551
-0.29962036
0.5962398
1.675311
1.9838799
-3.112073
-2.5452805
0.16788761
-2.0583007
1.1741048
-2.3836331
2.232662
-1.1862208
2.297033
-0.036334954
2.7837472
0.45850593
-2.4267974
0.5654044
-1.4028003
1.3453512
-0.74135655
2.5731184
-0.99730235
-2.744722
0.23693408
-2.929029
1.6842945
-1.9173131
3.0114143
-0.8491044
0.2994757
1.1056551
2.203611
2.6989744
-0.8900442
-2.1166809
0.3781659
3.0066586
1.7195194
-1.7932452
2.5311038
-0.76465285
2.0563366
0.066719316
-2.9945507
0.8358075
-2.0657105
0.884986
-1.0313582
1.8106768
-0.7871717
2.9205508
-0.60880786
-2.3373716
0.5720375
-2.5335395
1.8793343
-1.9738176
-2.5310302
-0.48605013
0.6024998
1.4542947
2.791068
-2.9615812
-0.7251708
-1.6011024
0.8295107
-2.457498
2.1206133
-1.5404217
2.8332853
-0.3902319
2.7161093
0.6645281
-2.7414868
1.0568087
-1.6717802
1.2709193
-0.71547925
2.2114453
-0.7113592
-2.9507465
-0.1452739
-2.0712326
1.0067972
-2.5211356
2.3081775
-1.5084207
-1.9675529
-0.004639106
1.6393639
1.9606384
-2.6925142
-2.4491737
-0.20102666
-1.144521
1.2960397
-2.2678106
2.481941
-1.1196994
2.9130025
0.02586806
2.9287894
1.0028632
-2.3223944
1.2049993
-1.2815633
1.6427912
-0.22733372
2.5637593
-0.6312375
-2.5015163
0.2118643
-1.6882752
1.4554003
-2.1238053
2.7512007
-1.1442577
-0.80566394
0.3968669
2.2284245
2.559806
-1.8125829
-1.6915158
0.1761112
-0.16818495
2.077979
-2.3986146
3.0613182
-0.7241382
2.839007
0.50357556
-2.8908327
1.3150735
-1.932459
1.2789949
-0.79195166
1.7512282
-0.5281996
3.1006694
-0.3005112
-2.1736436
0.6040288
-1.8966783
1.7891842
-1.8194206
-2.8336174
-0.6798137
-2.1562688
0.5685925
-2.6380286
-2.9248223
-1.4967829
-1.136577
0.35951325
-0.6941884
2.2874386
-1.3610997
-3.0688436
-0.60181624
-2.727352
1.0751214
-2.4452302
1.3027718
-1.7172017
1.6732258
-0.59346867
2.3037164
-0.028318627
-2.8103304
0.052386537
-1.8126781
1.0776031
-2.122898
2.311997
-1.5351971
-2.7584195
0.080505915
-3.0681312
1.6334288
-2.5427735
-2.7984135
-0.61496204
-0.60393554
1.3018568
-0.20876122
2.6332862
-1.3691323
-2.7863014
0.4247508
-2.7649882
1.2815101
-2.3993943
1.6248058
-1.1404287
1.822835
-0.31370106
2.558088
-0.1669105
-2.3952928
0.492394
-1.9221344
1.503936
-2.1450098
2.6529791
-0.94283193
-2.825844
0.34471336
2.8157454
1.8353367
-2.2316897
-2.2195182
-0.2528024
0.22751051
2.1036484
-2.17999
3.0471113
-0.66245306
-2.2417023
0.69154316
-2.7245672
1.8687456
-1.8848932
2.0709229
-0.82457376
2.183685
0.30655974
-3.0426965
0.02413516
-1.9569768
0.9681093
-1.4966235
1.9495096
-1.9378082
-2.9887505
-0.25206354
-2.4793944
0.6957151
2.7227056
2.436222
-1.2522826
-1.7821214
0.7618261
0.9890302
1.9117875
-1.8002378
-2.7202513
0.102987885
-2.3034546
0.89867204
-2.7111025
2.289378
-1.4343724
2.7367468
-0.5925488
2.6773818
0.43955463
-2.6376448
0.39170876
-1.6926749
1.0825336
-1.6729532
2.3339899
-0.92428267
-3.0607474
-0.37021276
-2.9580164
1.374643
-2.6361299
2.6354916
-1.4742467
-0.84591323
0.99387383
1.8334335
2.421872
-1.4314008
-2.4755476
0.35221884
-3.074261
1.5273153
-2.1066716
2.650082
-1.3305409
2.1261508
0.06178347
-3.1356988
0.7917238
-2.4420998
0.58511096
-1.0955646
1.6310833
-1.0382264
2.6029904
-0.891474
-2.8302305
0.31415054
-3.1253104
1.5363947
-2.428197
-2.8614187
-0.73691726
0.28187355
1.4208404
1.338713
2.8929718
-1.0227108
-2.3864675
0.63893616
-2.8487744
1.9137152
-1.8987744
2.7299628
-0.58183014
2.6132965
0.33069333
-2.875827
1.0713041
-1.7686102
1.0862541
-0.9503627
1.8774565
-0.834534
3.1310742
-0.404864
-2.0685835
0.7244924
-2.915579
2.2707317
-1.7300272
-2.5167868
0.33470163
-3.122634
1.4903567
2.3556826
-2.460873
-0.27172488
-2.2612505
1.0857286
-2.6534836
2.4654944
-1.4109691
2.6600695
-0.29727218
2.9132557
0.7966875
-2.6058025
0.65712774
-1.5761329
1.1857443
-0.7081663
2.3905656
-0.855383
-3.0928488
-0.015318707
-2.0935571
1.4653344
-2.178809
2.686611
-1.2160062
-1.7893667
0.10370563
1.9167147
2.6747234
-0.77936864
-3.0829027
0.49015966
-1.3409808
1.8228713
-1.9209963
2.6945853
-0.9701304
-3.070382
0.1875891
3.011869
0.82043517
-2.034032
0.9190265
-0.9242801
1.6562368
-0.5747049
2.697009
-0.35775164
-2.4496715
0.48676875
2.88357
2.103819
-2.0962586
-2.927792
-1.168678
-0.2181506
1.0950801
3.0536737
2.1785161
-1.6867108
-1.2766186
0.59705734
1.2973465
2.135576
-1.8094153
3.0359478
-0.603695
2.4646952
0.598701
-2.9681787
1.3837453
-1.7907288
0.95557946
-0.79919577
2.12514
0.034275696
3.1148021
-0.7612471
-2.1518488
0.9687964
-1.9196086
2.1074562
-1.9883395
-2.5722468
-0.2538929
-1.7177691
0.95954114
2.8010697
-2.1779778
-1.0172276
-0.27347016
1.1003157
-1.7526244
2.3448968
-1.2039291
-2.9283714
-0.085842386
-2.9418147
0.8932493
-2.4473937
1.0670539
-1.2118983
1.8400561
-0.20802584
2.3680928
0.09368541
-2.6201189
0.24352697
-1.9161085
1.3446686
-1.8195587
2.5693307
-1.4536511
-2.6084094
-0.10894074
-0.49745327
2.5934663
-1.9981658
-2.345618
-0.6626329
-0.9555359
1.0649885
-2.0216808
2.8154655
-1.0449365
-2.9100094
0.11505054
-2.9013937
1.4523509
-1.9249712
1.5043329
-1.0947168
2.03622
0.46806765
2.9315271
-0.088631585
-2.651246
1.0206392
-1.3965415
1.7666225
-2.2334037
-2.8043883
-1.0014807
-2.1320586
0.39754972
2.8859448
2.760783
-1.8988364
-2.3568442
-0.20694607
0.68486536
1.9717441
-1.4205676
2.877618
-1.1475023
-2.0412323
0.7711209
-2.6348288
1.3219002
-1.6995367
1.6365576
-0.44237784
2.3274758
0.48901403
2.8460414
0.93928605
-1.8648918
1.1355741
-1.9976206
1.9021438
-1.7253548
-2.623174
-0.3280942
2.0229576
0.684938
-2.4570658
-2.9675176
-1.8750802
-0.61980146
0.6207507
-1.7701709
2.1954436
-1.7134954
-2.2534273
0.42114097
-2.7858284
1.2295461
-2.3829198
2.4412513
-1.1548536
2.021537
-0.04947514
2.8052022
0.3812159
-2.6721392
0.5885673
-1.8003511
1.6485747
-1.9282441
2.7709217
-0.9150808
-2.5394764
0.062015984
2.4488738
2.207693
-2.278437
-1.8830303
-0.96105134
1.5589464
1.0221833
2.069735
2.9152281
-1.2915037
-2.128534
0.3170421
-2.5621479
1.6151942
-2.0743148
2.454553
-0.79104584
2.2664485
-0.30502236
2.8065643
0.46336955
-2.1620388
0.67404145
-1.4352363
1.7685701
-2.5902503
-2.911088
-0.6797519
-2.4937556
0.5878519
-0.24671382
2.1156025
-1.8306986
-1.9311152
-0.54210633
0.4368097
1.8337717
2.7605937
-2.7029788
-0.63684225
-1.9469615
0.9204029
3.132917
2.0096533
-1.5099847
2.7433088
-0.41948664
2.3820903
0.30974966
-2.9482832
1.1053258
-2.0876846
0.5724831
-0.29510298
2.537796
-0.22331916
2.7795725
-0.61637187
-1.5700026
1.1588258
-3.0298555
1.4586264
-1.0545624
1.9207897
0.67753273
1.7073357
1.6630571
2.4191332
-2.5821023
0.6447011
-1.5333095
1.1407292
-2.3460019
2.25131
-1.1239089
2.5619445
0.049265943
2.8456807
0.4329419
-2.3134017
0.6791633
-1.3128196
1.3094934
-0.37322247
2.6149058
-0.9741504
-2.6599784
0.47094926
-2.7240446
1.8331664
-0.9861297
2.920957
-0.7348476
0.49119815
1.2388259
1.6834129
2.5653546
-0.46014184
-2.1927912
0.39877525
2.427902
1.7856128
-1.5817152
2.5990467
-0.64071757
1.8437219
-0.16729988
-2.8469326
1.1813644
-2.0103512
1.0183613
-0.9394541
1.8353745
-0.53100055
2.9464402
-0.5964316
-2.1879196
0.55359155
-1.9514945
1.8953437
-1.9471252
-2.6094422
-0.5781563
-0.029581174
1.3489622
2.2989118
-3.0236995
-0.79183483
-1.5735171
0.8202966
-1.885201
2.1288726
-1.4701447
3.0262377
-0.34160125
2.9012434
0.7444194
-2.685341
1.361781
-1.6197478
1.3855513
-0.6050872
2.2673593
-0.36494333
-2.8967705
-0.08930969
-1.873016
1.0155132
-2.3228602
2.3149426
-1.5225929
-2.1850073
-0.07175801
0.57946724
1.8678508
-3.0641103
-2.5341952
-0.20264505
-1.0556753
1.2913312
-1.9404843
2.5071409
-1.0563705
3.1139398
0.045747384
3.0132692
1.0780243
-2.26765
1.5091822
-1.2082356
1.7883055
0.054832328
2.5340357
-0.6048927
-2.3714743
0.22373675
-1.1499068
1.5287608
-1.9631327
2.783845
-1.2754065
-0.9338431
0.15688947
1.984011
2.45316
-1.9397006
-1.5390916
0.11093959
-0.11131799
2.5450587
-2.8543878
-2.9969916
-0.67809
2.937125
0.56356835
-2.610893
1.4084926
-1.8583714
1.422017
-0.6582431
1.4868978
-0.7064259
-3.0311918
-0.19513887
-2.0724483
0.54933244
-1.5504891
1.7442625
-1.6339991
-2.7132483
-1.158104
-2.080728
0.11202316
-2.3036172
-2.7192452
-1.68569
-1.145015
-0.026032997
-0.40362015
2.4372368
0.07135705
-3.0889533
-0.9356847
-2.1860354
1.2962859
-2.2355962
1.2083142
-1.9122232
2.3013823
-0.65924907
2.30498
0.16239029
-2.7605796
0.6211679
-1.6465237
1.1352892
-2.0766766
2.4131734
-1.6474866
-2.72197
0.5733807
-2.630325
2.2060692
-2.0377238
-3.0999548
-0.6990043
-0.60937095
2.0333128
0.15628673
2.70466
-1.9410626
-2.649207
0.7945639
-2.5011792
1.3518859
-2.6375122
1.7049012
-1.1352752
1.8907393
-0.41801655
2.3579268
-0.23004788
-2.2951345
0.66090626
-2.3459556
1.5906131
-2.601158
2.6266065
-0.8284109
-2.8442822
0.37515268
-2.7539792
1.4534076
-2.2888098
-2.484496
-0.32544532
0.36870176
2.5890272
-2.1113849
3.0588393
-0.59480345
-1.9129177
0.8506562
-2.5508225
2.1225245
-1.9292156
2.623607
-0.8875285
2.3241808
0.8143107
-2.8381143
-0.06612825
-1.7615416
1.3233454
-1.4392496
2.0491784
-2.51787
-2.8327
0.4286894
-2.2457914
0.5945447
2.3718143
2.2071338
-0.67817944
-2.2115693
1.6844026
0.9271437
1.6311015
-1.8750776
-2.3201354
1.1468209
-2.1082256
0.8114262
-2.9458547
-3.0804648
-1.4024525
-2.9032106
-0.8039225
3.1120477
0.65051824
-2.4054468
0.525128
-1.6985312
0.9502475
-2.83924
2.383184
-0.105479375
3.1077194
-0.7303426
-0.7214736
-2.8965776
-2.5320199
2.185918
-1.848968
-1.0949084
1.0417907
1.6009598
2.0318959
-2.7509413
-2.5529635
0.5062197
3.0105293
2.0452993
-1.9504386
2.8777094
-1.7843386
2.1716802
0.13690941
-2.7811587
1.1680505
-2.6455472
0.4469134
0.6784743
1.7568748
-0.56221783
2.460865
-1.0042045
3.0774467
0.41191003
-2.613624
1.3790408
2.742305
-3.0927887
-0.8943711
0.23235287
1.4466945
1.0116314
2.4911053
-2.06322
-2.9214895
0.7064429
1.3031715
2.0004814
-2.1859624
2.9595184
-0.47828296
-3.0958457
0.2470004
-2.6359432
2.097958
-1.5280129
1.2019469
-0.8397252
1.6334188
0.51303947
-3.084737
-0.24647596
-1.7102842
0.6575746
-2.7652695
2.4090223
-1.6354553
2.334121
0.7572444
-2.2830908
0.85203606
1.9704971
-1.3285984
0.06837689
-2.7622054
1.3499656
2.0326724
3.0739167
-1.5069587
2.6647356
-0.4348811
-2.497242
0.87160325
-2.6475115
0.4760119
-1.8666642
-0.18706858
-0.6838069
2.3684106
-0.82650185
1.6862618
0.34158957
-2.0081272
2.095137
-1.7342992
2.792951
-1.0815678
-2.3769677
-0.11431228
1.9074199
-3.0565321
0.18153091
2.2627459
1.8867831
-0.7920126
2.1846304
-1.7471315
2.8018372
-1.0044148
-2.5755022
0.18565565
2.9785273
0.17345856
-1.7502091
0.74440813
-0.43051583
1.5497564
-0.6459654
1.0980047
1.4493561
-2.465041
1.2389795
1.7703669
2.8784318
-1.9141072
-2.752378
-1.4981403
-0.39542887
1.2515647
-2.54472
0.68976533
-2.886688
0.2864607
0.72237194
1.1895872
2.415766
-2.3659992
-3.090255
-0.67859787
1.7434517
0.59569055
2.796104
1.4293172
-1.8135507
0.525215
-0.9116378
2.1703548
0.5966248
2.9506092
-2.051466
-2.3508916
1.2162623
-1.531811
2.1286817
-2.3212416
-2.4472249
-0.15732044
-1.7890036
0.32937828
2.4857352
-1.6627978
-1.4038866
1.2442565
1.3123472
-0.7480158
2.34988
-0.86801225
-2.6538959
-0.017568668
-2.2787461
0.75178325
-2.3881443
-1.1918551
-0.6529863
2.316088
0.4267797
1.828914
1.0251628
-2.4253113
1.3316747
-2.1090736
2.6585162
-1.3306862
-2.5110936
-1.7430114
-2.7489746
-0.61793524
-0.8148821
-1.7399807
-0.9973378
-2.6193948
-2.690318
-1.1811304
-0.64268595
-1.7272918
2.9293797
-1.290611
-3.0619445
-0.6551985
-2.595848
1.7405705
-1.7473027
1.3062171
-1.2916927
2.4440262
1.5809205
3.00514
-0.08189271
-3.1310778
2.732005
-1.1122133
1.9399786
-2.5235157
-1.2257724
-2.543607
-2.1049156
-0.0064282645
-2.5784497
-2.9858732
1.3667659
2.857444
-1.1091216
1.6932168
2.0046895
-0.42238092
2.426046
-2.5472748
-1.3929473
1.4265316
-2.5391057
0.14998522
-1.7899969
1.0252917
-0.04552254
2.457963
0.9154181
1.8643231
2.0588453
-1.8335826
1.4347267
-2.5173922
0.9620781
2.5215142
-2.3627503
-0.259045
1.9638247
-0.2926227
-1.4631594
-2.8235257
-3.100612
-0.31136763
-0.21158315
-1.9291885
0.57938814
2.652955
-1.8027614
2.2380173
-2.8508759
1.4436799
-2.4474394
-2.9372396
-0.88026553
2.1647706
0.3791475
3.1010618
-1.8210146
-3.0813549
1.2961304
2.6817002
2.878331
2.606448
-2.0906434
0.1829785
-2.2236264
0.08171593
2.2398455
2.7138233
-1.69506
0.35023847
-1.6900823
2.2095761
0.36205363
1.9270282
-2.9735262
-2.3722382
-0.34019136
-1.0300654
-2.5128672
1.7256694
-2.2080219
-2.812652
-0.67461175
2.345367
-1.2203696
1.9196445
-0.23654035
-2.2356753
0.5030581
-1.8305902
-2.4103584
2.3646872
-2.1391037
-0.6215414
-2.613257
0.9691748
-0.22623934
2.114969
-0.58800066
-2.0225213
-1.9916753
0.58426625
1.9185255
2.5239818
-2.3488245
2.7799008
-1.8628881
1.8808692
2.5129726
2.090916
-1.1637405
3.0277486
-0.26843107
0.53227395
-1.5085514
2.8331573
1.9121828
-2.9457412
-0.4115344
1.5862557
-2.3918042
1.6665148
2.0665376
-2.9103334
-1.2630541
1.7637744
0.4746106
0.6979001
0.6433505
1.8727517
1.3929694
1.9183105
0.88545287
2.1490762
-2.6741757
2.2751436
-0.824349
-0.09268886
2.0508904
1.8526549
-1.0405653
2.3793628
0.24871683
2.8428504
-0.17002316
-1.4900734
-0.24155867
-1.098333
-1.1969889
0.22171241
2.6977243
-1.5017926
0.6739205
1.9260622
-2.862307
2.3494542
-0.12767479
0.20450026
0.2631463
1.7930514
-2.4203897
1.1465652
1.8447344
0.58734107
-2.7154527
-3.014748
1.7757839
-3.0685148
-0.5801709
0.52532953
1.4570899
0.98164535
-2.2485878
-1.9293519
-2.1746726
-1.856793
-1.443606
-0.39014396
0.66897637
-0.92377627
1.8012171
-2.031327
-0.047437835
-2.0591614
-1.1827759
-1.7596722
-0.9282317
-1.9796675
-2.619922
-1.4252495
-1.5495787
1.6580462
2.476701
-1.0302869
-0.49719054
-2.1026547
-1.3420308
-2.4483984
-0.12694573
-1.8379867
3.0460808
-2.0694103
-1.7529817
-1.6527929
1.4797654
